dourado_reproduction/final_result_dourado/oq_pga_475y.tif
NCOLS 300
NROWS 300
XLLCORNER -98.3812
YLLCORNER -40.8699
DX 0.29253
DY 0.18867
NODATA_VALUE -9999
[rows 145 to 173 of 300, columns 192 to 255 of 300]
0.0055554003 0.0061370845 0.0074121283 0.0097665013 0.0096151117 0.012445631 0.037192819 0.088802295 0.16315019 0.23254535 0.25626264 0.25896704 0.24736629 0.24078046 0.24146737 0.24286053 0.24264289 0.24062545 0.23546 0.22383911 0.18930739 0.13878208 0.076701384 0.024186346 0.0060669249 0.00063682584 0.0038793524 0.0046161889 0.0035039452 0.0040340427 0.004956684 0.005 0.005 0.005 0.005 0.005 0.005 0.005 0.005 0.005 0.005 0.005 -9999 -9999 -9999 -9999 -9999 -9999 -9999 -9999 -9999 -9999 -9999 -9999 -9999 -9999 -9999 -9999 -9999 -9999 -9999 -9999 -9999 -9999
0.0053839964 0.0060375514 0.0072524058 0.0088322106 0.012274734 0.021371352 0.074122063 0.12923572 0.20711959 0.24913797 0.25745714 0.25422247 0.24110046 0.24076556 0.24133758 0.24273297 0.24396273 0.24570961 0.23816416 0.22011646 0.16102231 0.10901488 0.04628218 0.015224761 0.005084117 0.0024754651 0.00574871 0.0044503663 0.003683459 0.0045768076 0.0049256571 0.005 0.005 0.005 0.005 0.005 0.005 0.005 0.005 0.005 0.005 0.005 -9999 -9999 -9999 -9999 -9999 -9999 -9999 -9999 -9999 -9999 -9999 -9999 -9999 -9999 -9999 -9999 -9999 -9999 -9999 -9999 -9999 -9999
0.0051908151 0.0062764721 0.0035209184 0.0073376531 0.01547648 0.043802759 0.11845636 0.17477381 0.2416561 0.25196947 0.252841 0.24562094 0.24074152 0.2407586 0.24120774 0.2421151 0.25169946 0.25177852 0.23987607 0.20165301 0.12621683 0.074353053 0.022210312 0.011303736 0.0057654128 0.0053193184 0.0052039688 0.0046664771 0.0041699133 0.0048543011 0.0049036398 0.005 0.005 0.005 0.005 0.005 0.005 0.005 0.005 0.005 0.005 0.005 -9999 -9999 -9999 -9999 -9999 -9999 -9999 -9999 -9999 -9999 -9999 -9999 -9999 -9999 -9999 -9999 -9999 -9999 -9999 -9999 -9999 -9999
0.0052206543 0.0050617841 -0.0002732422 0.0071422365 0.023710792 0.084328837 0.16158914 0.21675012 0.25366371 0.24997557 0.24610908 0.24071268 0.24075061 0.24075555 0.24108128 0.24493934 0.25899769 0.25506109 0.23358414 0.16737546 0.091145846 0.041168649 0.011352645 0.0087356928 0.0070086756 0.006253155 0.0052292473 0.0050055907 0.0047033569 0.0047706574 0.0048892256 0.005 0.005 0.005 0.005 0.005 0.005 0.005 0.005 0.005 0.005 0.005 -9999 -9999 -9999 -9999 -9999 -9999 -9999 -9999 -9999 -9999 -9999 -9999 -9999 -9999 -9999 -9999 -9999 -9999 -9999 -9999 -9999 -9999
0.0057820279 0.001413657 -0.00082556104 0.010352135 0.047246063 0.12073561 0.1947937 0.24353288 0.25545085 0.24862839 0.24139644 0.24072453 0.24075716 0.24075221 0.24086916 0.2514924 0.26048462 0.25140908 0.20985706 0.13476715 0.062121437 0.01834847 0.0050100161 0.0057263546 0.0074698424 0.0057970357 0.0052948431 0.0052092039 0.0048875491 0.0047517206 0.0048756481 0.004998254 0.005 0.005 0.005 0.005 0.005 0.005 0.005 0.005 0.005 0.005 -9999 -9999 -9999 -9999 -9999 -9999 -9999 -9999 -9999 -9999 -9999 -9999 -9999 -9999 -9999 -9999 -9999 -9999 -9999 -9999 -9999 -9999
0.0056850226 0.0029712054 0.0029675657 0.017850231 0.061458485 0.13564628 0.2104026 0.25349438 0.26092504 0.25046465 0.24106387 0.24152399 0.241614 0.24166645 0.24219997 0.24936383 0.25410888 0.23842594 0.18858294 0.11355784 0.040976921 0.0064178669 -0.002461734 0.0023159598 0.0067900374 0.0053077698 0.0050179828 0.0051447492 0.0048391483 0.0047304191 0.0048760773 0.005 0.005 0.005 0.005 0.005 0.005 0.005 0.005 0.005 0.005 0.005 -9999 -9999 -9999 -9999 -9999 -9999 -9999 -9999 -9999 -9999 -9999 -9999 -9999 -9999 -9999 -9999 -9999 -9999 -9999 -9999 -9999 -9999
0.002282815 -0.00027146379 0.0017764326 0.028176135 0.07048072 0.14698363 0.21585342 0.2566402 0.25982441 0.24598824 0.24480746 0.24596102 0.24658683 0.2438118 0.2480892 0.25316975 0.25362569 0.20856052 0.15467877 0.076203859 0.019301613 0.0017238562 -0.0020523336 0.0066202466 0.0063007045 0.0050659831 0.005055817 0.0050500251 0.0048505197 0.0047973603 0.0049732867 0.005 0.005 0.005 0.005 0.005 0.005 0.005 0.005 0.005 0.005 0.005 -9999 -9999 -9999 -9999 -9999 -9999 -9999 -9999 -9999 -9999 -9999 -9999 -9999 -9999 -9999 -9999 -9999 -9999 -9999 -9999 -9999 -9999
-0.0019220119 -0.003963347 0.0089680729 0.039951296 0.080364331 0.15431544 0.21341934 0.25361671 0.25386515 0.24713548 0.24982744 0.25070829 0.25021321 0.2504613 0.25582646 0.25792515 0.24054577 0.16800044 0.11252158 0.038567524 0.012035278 0.002808431 0.0032195544 0.0073387663 0.0060886855 0.0050466799 0.005113153 0.0049112464 0.0048998634 0.0049034746 0.005 0.005 0.005 0.005 0.005 0.005 0.005 0.005 0.005 0.005 0.005 0.005 -9999 -9999 -9999 -9999 -9999 -9999 -9999 -9999 -9999 -9999 -9999 -9999 -9999 -9999 -9999 -9999 -9999 -9999 -9999 -9999 -9999 -9999
-0.0032609349 -0.0013506073 0.021499476 0.052897796 0.091344298 0.15277184 0.20843005 0.24718307 0.24863054 0.25128333 0.25308656 0.25265091 0.24897252 0.25830413 0.2605755 0.25512759 0.20536567 0.12484234 0.070070461 0.01946101 0.010598885 0.00656673 0.0079926398 0.0068373758 0.0059884701 0.0050950674 0.0048310263 0.0048473085 0.004957434 0.0049866164 0.005 0.005 0.005 0.005 0.005 0.005 0.005 0.005 0.005 0.005 0.005 0.005 -9999 -9999 -9999 -9999 -9999 -9999 -9999 -9999 -9999 -9999 -9999 -9999 -9999 -9999 -9999 -9999 -9999 -9999 -9999 -9999 -9999 -9999
0.0020803295 0.012262109 0.03637148 0.066802581 0.1029804 0.15217811 0.20341048 0.24022167 0.24886023 0.25279127 0.25159862 0.24873155 0.25099503 0.25954264 0.2571522 0.23476647 0.1629748 0.086808827 0.035304333 0.012645398 0.0098085569 0.0095474449 0.0079053028 0.0065505378 0.0058408955 0.0050522405 0.0046425919 0.0047848742 0.004986781 0.005 0.005 0.005 0.005 0.005 0.005 0.005 0.005 0.005 0.005 0.005 0.005 0.005 -9999 -9999 -9999 -9999 -9999 -9999 -9999 -9999 -9999 -9999 -9999 -9999 -9999 -9999 -9999 -9999 -9999 -9999 -9999 -9999 -9999 -9999
0.018378118 0.03090436 0.053693276 0.082780343 0.11432811 0.15786462 0.20413745 0.2364499 0.24595306 0.24662071 0.24208692 0.23619979 0.2398246 0.24545003 0.24002293 0.20542533 0.13531649 0.061550055 0.01738922 0.0039107678 0.0052493018 0.0091864471 0.0070757968 0.0059538749 0.0054567829 0.004763536 0.0044609603 0.004689949 0.004981561 0.005 0.005 0.005 0.005 0.005 0.005 0.005 0.005 0.005 0.005 0.005 0.005 0.005 -9999 -9999 -9999 -9999 -9999 -9999 -9999 -9999 -9999 -9999 -9999 -9999 -9999 -9999 -9999 -9999 -9999 -9999 -9999 -9999 -9999 -9999
0.049108202 0.063486453 0.086361295 0.11076118 0.13229826 0.17148349 0.2136245 0.23135075 0.23358271 0.22977714 0.22301886 0.20526406 0.20347937 0.20582729 0.20521052 0.17258806 0.1016365 0.033568025 0.0083341904 0.00012090286 0.0069237949 0.0085086099 0.0063864195 0.0055614303 0.0052204201 0.0046334833 0.0044623814 0.004825769 0.005 0.005 0.005 0.005 0.005 0.005 0.005 0.005 0.005 0.005 0.005 0.005 0.005 0.005 -9999 -9999 -9999 -9999 -9999 -9999 -9999 -9999 -9999 -9999 -9999 -9999 -9999 -9999 -9999 -9999 -9999 -9999 -9999 -9999 -9999 -9999
0.091242296 0.1056541 0.12795742 0.13740541 0.15405058 0.18814832 0.21879487 0.22069603 0.21676738 0.20803132 0.19706222 0.16270361 0.15346413 0.15731487 0.15919579 0.13104212 0.061257313 0.022365559 0.0067377136 0.0030697692 0.010032919 0.0078315408 0.005994824 0.0054235547 0.0048207958 0.0046853391 0.0046404772 0.0049928078 0.005 0.005 0.005 0.005 0.005 0.005 0.005 0.005 0.005 0.005 0.005 0.005 0.005 0.005 -9999 -9999 -9999 -9999 -9999 -9999 -9999 -9999 -9999 -9999 -9999 -9999 -9999 -9999 -9999 -9999 -9999 -9999 -9999 -9999 -9999 -9999
0.13705555 0.14918967 0.16189238 0.1658779 0.176402 0.20282386 0.21414282 0.20832866 0.19924285 0.1891586 0.15710074 0.11687251 0.10232912 0.10865682 0.10943919 0.08816421 0.035329498 0.019047506 0.0090024019 0.0083039004 0.0089602151 0.007332011 0.0057373877 0.0050648283 0.0046861276 0.0048088899 0.0048684227 0.005 0.005 0.005 0.005 0.005 0.005 0.005 0.005 0.005 0.005 0.005 0.005 0.005 0.005 0.005 -9999 -9999 -9999 -9999 -9999 -9999 -9999 -9999 -9999 -9999 -9999 -9999 -9999 -9999 -9999 -9999 -9999 -9999 -9999 -9999 -9999 -9999
0.1792715 0.18686484 0.18986287 0.19212891 0.19598934 0.20900927 0.20659229 0.1972344 0.1840559 0.16334803 0.1167621 0.075922231 0.059668477 0.060498353 0.063559333 0.051191349 0.026497547 0.018288797 0.01179516 0.010340192 0.0081794568 0.0068436195 0.0054517727 0.0045947246 0.0046527341 0.0049180673 0.004998889 0.005 0.005 0.005 0.005 0.005 0.005 0.005 0.005 0.005 0.005 0.005 0.005 0.005 0.005 0.005 -9999 -9999 -9999 -9999 -9999 -9999 -9999 -9999 -9999 -9999 -9999 -9999 -9999 -9999 -9999 -9999 -9999 -9999 -9999 -9999 -9999 -9999
0.20870086 0.21083259 0.21128592 0.20984263 0.20928616 0.20939494 0.2028142 0.19058935 0.17401558 0.13861736 0.090355143 0.048152867 0.028623504 0.028107231 0.032601313 0.027948387 0.019497288 0.014867351 0.011820469 0.008928387 0.0072248566 0.0061512438 0.0049724907 0.0043030103 0.0045163427 0.004929857 0.005 0.005 0.005 0.005 0.005 0.005 0.005 0.005 0.005 0.005 0.005 0.005 0.005 0.005 0.005 0.005 -9999 -9999 -9999 -9999 -9999 -9999 -9999 -9999 -9999 -9999 -9999 -9999 -9999 -9999 -9999 -9999 -9999 -9999 -9999 -9999 -9999 -9999
0.21903269 0.22171333 0.21932101 0.21491607 0.21374957 0.2123283 0.20291237 0.18791335 0.17392542 0.13717402 0.085944592 0.040024493 0.016032513 0.016274854 0.021312664 0.016227449 0.011205627 0.010333913 0.0098775974 0.0076365779 0.0062901775 0.005565696 0.0045448804 0.0040862728 0.0045138118 0.005 0.005 0.005 0.005 0.005 0.005 0.005 0.005 0.005 0.005 0.005 0.005 0.005 0.005 0.005 0.005 0.005 -9999 -9999 -9999 -9999 -9999 -9999 -9999 -9999 -9999 -9999 -9999 -9999 -9999 -9999 -9999 -9999 -9999 -9999 -9999 -9999 -9999 -9999
0.22440018 0.22420482 0.21968659 0.21413655 0.21524414 0.21329937 0.20204144 0.1875729 0.18193417 0.14780635 0.094433497 0.040947186 0.011486676 0.012112967 0.009840311 0.010280705 0.0077782854 0.0096636816 0.0084036792 0.0068301163 0.005894498 0.005099541 0.0044808898 0.0042445221 0.0048613192 0.005 0.005 0.005 0.005 0.005 0.005 0.005 0.005 0.005 0.005 0.005 0.005 0.005 0.005 0.005 0.005 0.005 -9999 -9999 -9999 -9999 -9999 -9999 -9999 -9999 -9999 -9999 -9999 -9999 -9999 -9999 -9999 -9999 -9999 -9999 -9999 -9999 -9999 -9999
0.22292662 0.22142885 0.21614088 0.21467458 0.21470685 0.21274909 0.20154252 0.19640936 0.19434813 0.1627669 0.10960541 0.047801242 0.012556032 0.009172885 0.0030792932 0.0080578714 0.0073942094 0.008240825 0.0073853261 0.0063052316 0.0055979337 0.0048012695 0.004626142 0.0045676832 0.005 0.005 0.005 0.005 0.005 0.005 0.005 0.005 0.005 0.005 0.005 0.005 0.005 0.005 0.005 0.005 0.005 0.005 -9999 -9999 -9999 -9999 -9999 -9999 -9999 -9999 -9999 -9999 -9999 -9999 -9999 -9999 -9999 -9999 -9999 -9999 -9999 -9999 -9999 -9999
0.21735234 0.21650073 0.21282764 0.21368662 0.21339373 0.21181667 0.20483909 0.21035637 0.20774264 0.17859098 0.12340958 0.058200028 0.016488097 0.0031181155 0.0022730713 0.0076870173 0.0079331335 0.0068251799 0.0065334251 0.0058780083 0.0050776648 0.0047910247 0.0048294061 0.0048978577 0.005 0.005 0.005 0.005 0.005 0.005 0.005 0.005 0.005 0.005 0.005 0.005 0.005 0.005 0.005 0.005 0.005 0.005 -9999 -9999 -9999 -9999 -9999 -9999 -9999 -9999 -9999 -9999 -9999 -9999 -9999 -9999 -9999 -9999 -9999 -9999 -9999 -9999 -9999 -9999
0.21256384 0.21250401 0.21222128 0.21252278 0.21258624 0.21164136 0.2150298 0.2218621 0.21862794 0.19155716 0.13355324 0.067615023 0.020530387 0.0036592409 0.0030083213 0.0073746633 0.0068165135 0.0058041846 0.00569064 0.0053563173 0.0047287109 0.0047316989 0.0049367159 0.005 0.005 0.005 0.005 0.005 0.005 0.005 0.005 0.005 0.005 0.005 0.005 0.005 0.005 0.005 0.005 0.005 0.005 0.005 -9999 -9999 -9999 -9999 -9999 -9999 -9999 -9999 -9999 -9999 -9999 -9999 -9999 -9999 -9999 -9999 -9999 -9999 -9999 -9999 -9999 -9999
0.21211007 0.21211079 0.21223417 0.21284395 0.21321568 0.212649 0.21786527 0.2257831 0.22345963 0.19831169 0.13919676 0.072147527 0.023311143 0.0050615592 0.0036522422 0.0071372708 0.0056056592 0.0048130055 0.0049195694 0.0046820126 0.0043157842 0.004529574 0.0049431093 0.005 0.005 0.005 0.005 0.005 0.005 0.005 0.005 0.005 0.005 0.005 0.005 0.005 0.005 0.005 0.005 0.005 0.005 0.005 -9999 -9999 -9999 -9999 -9999 -9999 -9999 -9999 -9999 -9999 -9999 -9999 -9999 -9999 -9999 -9999 -9999 -9999 -9999 -9999 -9999 -9999
0.21215255 0.21214739 0.21221807 0.21302285 0.21359338 0.2131091 0.21783107 0.22711111 0.22484701 0.20724335 0.14798178 0.081484129 0.027961134 0.0074215264 0.0059400712 0.0046800796 0.0050703716 0.0044596154 0.0046084812 0.004378868 0.0042633606 0.0047124104 0.005 0.005 0.005 0.005 0.005 0.005 0.005 0.005 0.005 0.005 0.005 0.005 0.005 0.005 0.005 0.005 0.005 0.005 0.005 0.005 -9999 -9999 -9999 -9999 -9999 -9999 -9999 -9999 -9999 -9999 -9999 -9999 -9999 -9999 -9999 -9999 -9999 -9999 -9999 -9999 -9999 -9999
0.21217108 0.21214168 0.21216998 0.21302048 0.21346462 0.21309473 0.21698871 0.22466303 0.2286019 0.21512134 0.15772396 0.095901186 0.033796692 0.0099039702 0.0055849026 0.0033539084 0.0050803819 0.0044586491 0.0039847777 0.0043676927 0.0044566596 0.0049566748 0.005 0.005 0.005 0.005 0.005 0.005 0.005 0.005 0.005 0.005 0.005 0.005 0.005 0.005 0.005 0.005 0.005 0.005 0.005 0.005 -9999 -9999 -9999 -9999 -9999 -9999 -9999 -9999 -9999 -9999 -9999 -9999 -9999 -9999 -9999 -9999 -9999 -9999 -9999 -9999 -9999 -9999
0.21215397 0.21211825 0.21212186 0.21280887 0.21294859 0.21280145 0.2158356 0.22203802 0.23142182 0.22014862 0.1686204 0.10427587 0.0396547 0.011692499 0.0021208699 0.0029574308 0.0053405665 0.0043562571 0.0038509565 0.0045013737 0.0047429891 0.005 0.005 0.005 0.005 0.005 0.005 0.005 0.005 0.005 0.005 0.005 0.005 0.005 0.005 0.005 0.005 0.005 0.005 0.005 0.005 0.005 -9999 -9999 -9999 -9999 -9999 -9999 -9999 -9999 -9999 -9999 -9999 -9999 -9999 -9999 -9999 -9999 -9999 -9999 -9999 -9999 -9999 -9999
0.2121198 0.21209842 0.21210382 0.21233445 0.21237932 0.21242632 0.21372734 0.22371684 0.23164685 0.22064715 0.17513287 0.10778064 0.044249171 0.011669612 0.0016156089 0.0027553996 0.0053902092 0.0040408624 0.0039934789 0.004636102 0.0049701667 0.005 0.005 0.005 0.005 0.005 0.005 0.005 0.005 0.005 0.005 0.005 0.005 0.005 0.005 0.005 0.005 0.005 0.005 0.005 0.005 0.005 -9999 -9999 -9999 -9999 -9999 -9999 -9999 -9999 -9999 -9999 -9999 -9999 -9999 -9999 -9999 -9999 -9999 -9999 -9999 -9999 -9999 -9999
0.21212399 0.21211298 0.21213277 0.21218727 0.21226267 0.21234019 0.21336169 0.2225138 0.22865713 0.21590329 0.17047626 0.10431812 0.041980731 0.010145445 0.0010167151 0.0024355168 0.0053479378 0.0038759958 0.0038571249 0.0045248472 0.0048805723 0.0048513975 0.0048360891 0.0048207806 0.004949661 0.0049415782 0.0049334953 0.0049958837 0.0049929566 0.004991815 0.0049906734 0.005 0.005 0.005 0.005 0.005 0.005 0.005 0.005 0.005 0.005 0.005 -9999 -9999 -9999 -9999 -9999 -9999 -9999 -9999 -9999 -9999 -9999 -9999 -9999 -9999 -9999 -9999 -9999 -9999 -9999 -9999 -9999 -9999
0.21213547 0.21213406 0.21219837 0.21226569 0.21234843 0.21246262 0.21326414 0.22058275 0.22523932 0.199353 0.15057317 0.0829924 0.028351745 0.0097802176 0.001644332 0.0041267688 0.0046099203 0.0026388856 0.0025297728 0.003441161 0.0038897678 0.0032496173 0.003024125 0.0041489885 0.004475796 0.0042992948 0.0042701274 0.0049293011 0.0049180375 0.0048999742 0.0049309127 0.005 0.005 0.005 0.005 0.005 0.005 0.005 0.005 0.005 0.005 0.005 -9999 -9999 -9999 -9999 -9999 -9999 -9999 -9999 -9999 -9999 -9999 -9999 -9999 -9999 -9999 -9999 -9999 -9999 -9999 -9999 -9999 -9999
0.21214568 0.21217011 0.21228509 0.21236203 0.21244323 0.21425385 0.21443906 0.21865094 0.21622722 0.17218402 0.12238454 0.055785741 0.024274349 0.010342593 0.0032519485 0.0049336688 0.0034083551 0.00137815 0.001110731 0.002739811 0.0026067841 0.0013972551 0.0014454792 0.0037024241 0.0040249498 0.0035237302 0.0038048326 0.0048188089 0.0048371014 0.0047982817 0.0048963159 0.005 0.005 0.005 0.005 0.005 0.005 0.005 0.005 0.005 0.005 0.005 -9999 -9999 -9999 -9999 -9999 -9999 -9999 -9999 -9999 -9999 -9999 -9999 -9999 -9999 -9999 -9999 -9999 -9999 -9999 -9999 -9999 -9999
