dourado_reproduction/final_result_dourado/oq_pga_475y.tif
NCOLS 300
NROWS 300
XLLCORNER -98.3812
YLLCORNER -40.8699
DX 0.29253
DY 0.18867
NODATA_VALUE -9999
[rows 58 to 86 of 300, columns 128 to 191 of 300]
0.0077245293 0.0090411148 0.0082025586 0.0082882004 0.0094379317 0.010166201 0.0086355524 0.0070682535 0.0062039478 0.0043998554 0.0031268204 0.0037199118 0.0049871794 0.005 0.005 0.005 0.005 0.005 0.005 0.005 0.005 0.005 0.005 0.005 0.005 0.005 0.005 0.005 0.005 0.005 0.005 0.005 0.005 0.005 0.005 0.005 0.005 0.005 0.005 0.005 0.005 0.005 0.005 0.005 0.005 0.005 0.005 0.005 0.005 0.005 0.005 0.005 0.005 0.005 0.005 0.005 0.005 0.005 0.005 0.005 0.005 0.005 0.005 0.005
0.0099134006 0.011723055 0.012464587 0.01196542 0.012264464 0.012462887 0.011195952 0.0090201413 0.0072636339 0.0055625616 0.0035437364 0.0033786967 0.0043962398 0.005 0.005 0.005 0.005 0.005 0.005 0.005 0.005 0.005 0.005 0.005 0.005 0.005 0.005 0.005 0.005 0.005 0.005 0.005 0.005 0.005 0.005 0.005 0.005 0.005 0.005 0.005 0.005 0.005 0.005 0.005 0.005 0.005 0.005 0.005 0.005 0.005 0.005 0.005 0.005 0.005 0.005 0.005 0.005 0.005 0.005 0.005 0.005 0.005 0.005 0.005
0.014529043 0.017171272 0.018745379 0.018757412 0.018167613 0.017516386 0.015706128 0.012558514 0.010021221 0.0075432661 0.0049608892 0.0042021821 0.0046520005 0.0049857448 0.005 0.005 0.005 0.005 0.005 0.005 0.005 0.005 0.005 0.005 0.005 0.005 0.005 0.0049879849 0.004983628 0.0049866678 0.0049903616 0.0049739105 0.00497771 0.0049815095 0.004977096 0.0049763311 0.004979242 0.0049794426 0.005 0.005 0.005 0.005 0.005 0.005 0.005 0.005 0.005 0.005 0.005 0.005 0.005 0.005 0.005 0.005 0.005 0.005 0.005 0.005 0.005 0.005 0.005 0.005 0.005 0.005
0.021020058 0.026324618 0.028569265 0.029127769 0.026757716 0.025040184 0.021911993 0.016561499 0.013057028 0.0098482796 0.0065767972 0.0049666371 0.0049538392 0.0048193718 0.005 0.005 0.005 0.005 0.005 0.005 0.005 0.005 0.005 0.005 0.005 0.005 0.005 0.0049829802 0.0048713302 0.0048904415 0.004935189 0.0048739702 0.0048135207 0.0048536127 0.0049114399 0.004813562 0.0048310372 0.0048280156 0.005 0.005 0.005 0.005 0.005 0.005 0.005 0.005 0.005 0.005 0.005 0.005 0.005 0.005 0.005 0.005 0.005 0.005 0.005 0.005 0.005 0.005 0.005 0.005 0.005 0.005
0.023180891 0.037833235 0.041138124 0.042252291 0.03868133 0.034552501 0.029752971 0.022018336 0.016237925 0.012157844 0.008025004 0.0063618993 0.0051887575 0.0045837267 0.0046286703 0.005 0.005 0.005 0.005 0.005 0.005 0.005 0.005 0.005 0.005 0.005 0.005 0.0049827305 0.0048025403 0.0047711962 0.0048700907 0.004854744 0.0046544332 0.0046996641 0.004778788 0.0047982732 0.0046514922 0.0046343176 0.0048923772 0.005 0.005 0.005 0.005 0.005 0.005 0.005 0.005 0.005 0.005 0.005 0.005 0.005 0.005 0.005 0.005 0.005 0.005 0.005 0.005 0.005 0.005 0.005 0.005 0.005
0.026510537 0.047132425 0.055756515 0.057478689 0.054086089 0.046713867 0.039524851 0.029441761 0.020298138 0.014569763 0.0095658958 0.0073707255 0.0057692848 0.0044303832 0.00388275 0.0049265596 0.005 0.005 0.005 0.005 0.005 0.005 0.005 0.005 0.005 0.005 0.005 0.0049829469 0.0048113675 0.0047050942 0.0048351771 0.0048739558 0.0046871291 0.0046134511 0.0047069524 0.0048089005 0.0046140205 0.0045248788 0.004681753 0.0049903374 0.005 0.005 0.005 0.005 0.005 0.005 0.005 0.005 0.005 0.005 0.005 0.005 0.005 0.005 0.005 0.005 0.005 0.005 0.005 0.005 0.005 0.005 0.005 0.005
0.034023508 0.053662476 0.071042153 0.074181318 0.071262524 0.062506775 0.051523418 0.039022249 0.026755962 0.0172817 0.011303277 0.0081442717 0.0067027665 0.0045122151 0.0033483495 0.0041712871 0.005 0.005 0.005 0.005 0.005 0.005 0.005 0.005 0.005 0.005 0.005 0.0049836924 0.0048515953 0.0047524939 0.0048705587 0.0049632256 0.0048409898 0.004706767 0.0047882091 0.0048731184 0.0048594946 0.0046262282 0.0046410401 0.0048569189 0.005 0.005 0.005 0.005 0.005 0.005 0.005 0.005 0.005 0.005 0.005 0.005 0.005 0.005 0.005 0.005 0.005 0.005 0.005 0.005 0.005 0.005 0.005 0.005
0.048175486 0.067428652 0.085161421 0.091869108 0.08853926 0.079331695 0.066219623 0.050392413 0.034649032 0.021450363 0.013378085 0.009545666 0.0074405439 0.0049713831 0.0034565951 0.003977134 0.0048899444 0.005 0.005 0.005 0.005 0.005 0.005 0.005 0.0049974413 0.0049978633 0.0049982852 0.0049839728 0.0049078754 0.0048659091 0.0050091613 0.0051581014 0.005107215 0.0050408918 0.0051128653 0.0052249144 0.0052425497 0.0050487635 0.0048934945 0.0049296225 0.0049927474 0.0049960835 0.0049965162 0.0049969489 0.005 0.005 0.005 0.005 0.005 0.005 0.005 0.005 0.005 0.005 0.005 0.005 0.005 0.005 0.005 0.005 0.005 0.005 0.005 0.005
0.069708583 0.089353186 0.10705748 0.11404139 0.11649326 0.10499805 0.089282884 0.06098022 0.041606274 0.024858105 0.015012364 0.010286881 0.0078881115 0.0051624928 0.0036356025 0.0040263963 0.0048949244 0.005 0.005 0.005 0.005 0.005 0.005 0.005 0.0049112993 0.0049045922 0.0049279386 0.0048717338 0.0046278269 0.0046967925 0.0049741033 0.0049510893 0.0049727128 0.0050649548 0.0053987713 0.0052694106 0.0054086245 0.0052562653 0.0048447712 0.0047557174 0.0047301727 0.004915426 0.0048457853 0.0048693492 0.0048971098 0.005 0.005 0.005 0.005 0.005 0.005 0.005 0.005 0.005 0.005 0.005 0.005 0.005 0.005 0.005 0.005 0.005 0.005 0.005
0.10408784 0.11527388 0.13287516 0.139455 0.14623278 0.13939251 0.11977884 0.078300966 0.047497194 0.027395952 0.014532822 0.011004545 0.0077279826 0.0048958267 0.0041360739 0.0039528984 0.0048922387 0.005 0.005 0.005 0.005 0.005 0.005 0.005 0.0048794529 0.0047595459 0.0048222411 0.0048311845 0.0042556057 0.0042952228 0.0047541129 0.0049095443 0.0045564069 0.0048585557 0.0053903127 0.0053523037 0.005341073 0.0051914112 0.0050653461 0.0043344237 0.0042635967 0.0044897307 0.0046613602 0.0046603782 0.0046485987 0.0049965966 0.005 0.005 0.005 0.005 0.005 0.005 0.005 0.005 0.005 0.005 0.005 0.005 0.005 0.005 0.005 0.005 0.005 0.005
0.14651799 0.14335479 0.15923214 0.16550035 0.17213325 0.17349386 0.15239715 0.10966431 0.053902194 0.029901663 0.013884563 0.010865928 0.0075470508 0.0044816775 0.0035716207 0.0042790832 0.0048908633 0.005 0.005 0.005 0.005 0.005 0.005 0.005 0.0048917834 0.0046934033 0.0047372196 0.0048110304 0.0041984654 0.0039455112 0.0045447279 0.0048689305 0.0046081787 0.0047823586 0.0054341498 0.0060541512 0.0054851132 0.0052842458 0.0050850533 0.0043450553 0.0039278393 0.0039069813 0.0046734792 0.0045152437 0.0044530109 0.0048135241 0.005 0.005 0.005 0.005 0.005 0.005 0.005 0.005 0.005 0.005 0.005 0.005 0.005 0.005 0.005 0.005 0.005 0.005
0.18480668 0.18190255 0.1828082 0.18896951 0.19562646 0.19811404 0.18182808 0.13950325 0.076272117 0.033137202 0.013942169 0.0079152387 0.0080715078 0.0042303375 0.002814931 0.0041558122 0.0048907017 0.005 0.005 0.005 0.005 0.005 0.005 0.005 0.0049077449 0.0047382817 0.0047234923 0.0048564201 0.0043883263 0.0039734739 0.0045413463 0.0050217264 0.0051103018 0.0051874265 0.0059375686 0.0066122139 0.0065937555 0.0059543603 0.0054219419 0.0049229868 0.0040568273 0.0037636464 0.0043276113 0.0046402571 0.0044599268 0.0046307827 0.0049577983 0.005 0.005 0.005 0.005 0.005 0.005 0.005 0.005 0.005 0.005 0.005 0.005 0.005 0.005 0.005 0.005 0.005
0.21071178 0.21012145 0.20592161 0.20665424 0.21341184 0.21598917 0.20275138 0.15999966 0.097267912 0.041581273 0.015711381 0.0074849341 0.0065078818 0.0044521032 0.0026461414 0.0035740138 0.0048948803 0.005 0.005 0.005 0.005 0.005 0.005 0.005 0.00493935 0.0048322142 0.0048479772 0.0050200632 0.0047185828 0.0044483008 0.0049393036 0.0056595119 0.0060478062 0.0064873927 0.0072687554 0.0079971923 0.0082370963 0.0076203851 0.006753811 0.0059079084 0.005013449 0.0044112039 0.0046176683 0.0049576499 0.004813512 0.0047690224 0.0048949718 0.005 0.005 0.005 0.005 0.005 0.005 0.005 0.005 0.005 0.005 0.005 0.005 0.005 0.005 0.005 0.005 0.005
0.22064611 0.21985498 0.21550988 0.21672326 0.2212853 0.22483349 0.2124912 0.17113619 0.10541229 0.046574264 0.019209222 0.0092125522 0.0075391511 0.0050864931 0.0028732634 0.0036912198 0.0049007422 0.005 0.005 0.005 0.005 0.005 0.005 0.005 0.0048640903 0.0048308611 0.0049246419 0.0049469435 0.0047265504 0.0046752189 0.0054694601 0.0056172241 0.0066016907 0.0076608149 0.0082425877 0.0087539444 0.0094933655 0.0093511684 0.0073015825 0.0063971635 0.0053508523 0.0055287533 0.0054937614 0.0056386004 0.0053614317 0.0050584018 0.005006492 0.0049360128 0.005 0.005 0.005 0.005 0.005 0.005 0.005 0.005 0.005 0.005 0.005 0.005 0.005 0.005 0.005 0.005
0.22296796 0.22221241 0.21776473 0.21885813 0.22319567 0.2255 0.21514495 0.17211457 0.11244369 0.049371848 0.021539879 0.010027772 0.0077848583 0.005598456 0.0035858172 0.0036002347 0.0048785129 0.0049283373 0.005 0.005 0.005 0.005 0.005 0.005 0.0046998668 0.0046100673 0.0048199376 0.0049254891 0.0040654076 0.0042979204 0.0056220127 0.0053690725 0.005863669 0.0082470365 0.010673787 0.0081696085 0.0095170764 0.0098538291 0.0080449793 0.0048013133 0.0036228982 0.005635838 0.006079952 0.0061038775 0.00558966 0.0052606864 0.0049729824 0.0047582076 0.004967975 0.005 0.005 0.005 0.005 0.005 0.005 0.005 0.005 0.005 0.005 0.005 0.005 0.005 0.005 0.005
0.21854352 0.22070852 0.21562515 0.21633828 0.22680782 0.22252197 0.21338182 0.17004217 0.11240644 0.051080269 0.021853988 0.013542601 0.007979646 0.0060603165 0.0043434917 0.0038401255 0.0048595777 0.0047446776 0.004992912 0.005 0.005 0.005 0.005 0.005 0.0047001132 0.0043607731 0.0046485992 0.004915263 0.003612494 0.0038374079 0.0057042543 0.0061684824 0.0060702907 0.0093933826 0.013304943 0.012736217 0.010932506 0.011652429 0.011321229 0.0047842514 0.0023889008 0.0024656118 0.0072277883 0.0065958481 0.0058132807 0.0055920394 0.0049686404 0.0045886133 0.0046686939 0.005 0.005 0.005 0.005 0.005 0.005 0.005 0.005 0.005 0.005 0.005 0.005 0.005 0.005 0.005
0.21268558 0.21499831 0.21179894 0.21202712 0.22118734 0.22349771 0.20986314 0.16769207 0.10640456 0.052379281 0.021763211 0.012936763 0.009487653 0.00654964 0.0046499654 0.0047680962 0.00488645 0.0045986145 0.0048050028 0.005 0.005 0.005 0.005 0.005 0.0047405432 0.0043110218 0.0045070166 0.0049355051 0.0039058435 0.0036743942 0.006040541 0.0074732497 0.0085948759 0.012087177 0.017457248 0.019357648 0.01703774 0.017173246 0.01574792 0.011064191 0.0043264337 0.0017974319 0.0062552246 0.0073900251 0.0063000464 0.0056985641 0.0052599698 0.0045526654 0.004381283 0.0048631279 0.005 0.005 0.005 0.005 0.005 0.005 0.005 0.005 0.005 0.005 0.005 0.005 0.005 0.005
0.20923508 0.20940155 0.208363 0.20860022 0.21578824 0.21970257 0.20725022 0.1661058 0.10611522 0.051253045 0.021980696 0.011623756 0.0098415889 0.0071439918 0.0050284749 0.0049634774 0.0050603711 0.0045503226 0.0046153642 0.0049290588 0.005 0.005 0.005 0.005 0.0047890708 0.0044541831 0.0045317097 0.0050896695 0.0045298679 0.0044750518 0.0069552289 0.0096766826 0.0125812 0.017436014 0.024253524 0.028458217 0.029848956 0.02884256 0.025962669 0.020296552 0.012120402 0.0066657149 0.0066658383 0.0084374458 0.0072987796 0.0062354539 0.0055547845 0.0047759758 0.0043646206 0.0046136284 0.00498939 0.005 0.005 0.005 0.005 0.005 0.005 0.005 0.005 0.005 0.005 0.005 0.005 0.005
0.21098805 0.21005084 0.20790862 0.20804518 0.21482534 0.21887596 0.20728401 0.16763003 0.10773654 0.052911293 0.023044446 0.012334149 0.010288224 0.0078336042 0.0054573476 0.005248214 0.0052593498 0.0046437267 0.0046548519 0.00491463 0.005 0.005 0.005 0.005 0.0048092954 0.0045502724 0.0047033566 0.005343367 0.0052328473 0.0056083874 0.0085047104 0.012618498 0.017750331 0.024850124 0.038774184 0.045580244 0.049539042 0.050425348 0.048090278 0.040467334 0.0305251 0.017326415 0.013474827 0.011394723 0.0088446411 0.0073748202 0.0063281434 0.0052330469 0.0046766563 0.0047599934 0.0049779742 0.005 0.005 0.005 0.005 0.005 0.005 0.005 0.005 0.005 0.005 0.005 0.005 0.005
0.21218642 0.21112203 0.20806962 0.20866914 0.21318318 0.21791082 0.20741776 0.16742194 0.11204976 0.05520821 0.026221914 0.012413196 0.010778634 0.0082998755 0.0057736477 0.0052367579 0.005247228 0.0047535396 0.0046391344 0.0049072772 0.005 0.005 0.005 0.005 0.0045595451 0.0044529882 0.0046962203 0.0051161182 0.0052875654 0.0061564229 0.0098555503 0.013047667 0.020556824 0.031142575 0.057337678 0.078797549 0.083159009 0.085074801 0.08987537 0.080775738 0.065637204 0.030706625 0.019896991 0.014673762 0.0093449707 0.0083235171 0.0069300337 0.0054375921 0.0050445852 0.0048388491 0.00495215 0.0049312452 0.005 0.005 0.005 0.005 0.005 0.005 0.005 0.005 0.005 0.005 0.005 0.005
0.21123355 0.21141065 0.20817644 0.20850857 0.21633603 0.21668888 0.20734107 0.16456659 0.11428495 0.057866761 0.028812835 0.016046439 0.011272808 0.0087734534 0.0065725828 0.0052313974 0.0051341098 0.0044267345 0.0047194187 0.0048976811 0.005 0.005 0.005 0.005 0.0044432832 0.0041760892 0.004589065 0.0052739423 0.0043349116 0.006369178 0.010931064 0.014481332 0.02285998 0.037392173 0.067919844 0.11198252 0.12367968 0.12677193 0.12865668 0.1305566 0.11030023 0.067850673 0.02780663 0.018322628 0.009360793 0.0095586313 0.0074800785 0.0055715017 0.0051326706 0.0049771383 0.0049109984 0.0046908752 0.0049991327 0.005 0.005 0.005 0.005 0.005 0.005 0.005 0.005 0.005 0.005 0.005
0.20938203 0.21003094 0.20826557 0.20833291 0.21661305 0.21765037 0.20716581 0.16613298 0.1092705 0.06088062 0.031733932 0.019966473 0.012687377 0.0094465938 0.00655757 0.0060068028 0.0050596677 0.0040443201 0.0046191215 0.0048923132 0.005 0.005 0.005 0.005 0.0045093961 0.0038210927 0.0044334633 0.0053861172 0.0042891153 0.0061995993 0.011846138 0.017343922 0.026365041 0.044557571 0.078534201 0.13167662 0.16356545 0.16856088 0.17232054 0.17325187 0.15609204 0.11367941 0.047832949 0.023197364 0.010580341 0.008347299 0.0084523593 0.005898526 0.0047877593 0.0053442815 0.0049282036 0.0044982873 0.0047962219 0.005 0.005 0.005 0.005 0.005 0.005 0.005 0.005 0.005 0.005 0.005
0.20761347 0.20776407 0.20777697 0.20816048 0.21518502 0.2189903 0.20700383 0.16794748 0.11220762 0.063130724 0.035003778 0.022392868 0.016378796 0.010511553 0.0068023999 0.0060499656 0.0051638009 0.0038425574 0.004101614 0.0049251085 0.005 0.005 0.005 0.005 0.0045774353 0.0039304869 0.0042414262 0.0055032346 0.005033061 0.0060815959 0.012715658 0.02062129 0.032630581 0.053593905 0.090906385 0.1439834 0.19001061 0.2036334 0.21057046 0.20927395 0.19459052 0.15231007 0.086927396 0.03131611 0.013854343 0.0076933176 0.0085703512 0.0066824152 0.0048723613 0.0050106317 0.0050983253 0.0044368437 0.0045138724 0.004940961 0.005 0.005 0.005 0.005 0.005 0.005 0.005 0.005 0.005 0.005
0.20708791 0.20709723 0.20709803 0.20809644 0.21486301 0.21841019 0.20694698 0.16915978 0.11489674 0.065504018 0.038507234 0.025311634 0.01872744 0.012053359 0.0078039041 0.0065141656 0.0054984449 0.0040188637 0.0040931647 0.0047731588 0.005 0.005 0.005 0.005 0.0045960149 0.003974484 0.0042356913 0.0056257011 0.0054748004 0.006841517 0.013708132 0.025110937 0.04082834 0.065316901 0.10578777 0.15962717 0.20670056 0.22504471 0.23286047 0.23241389 0.21731147 0.17365923 0.10689499 0.046952992 0.020475074 0.011924448 0.010411886 0.00812539 0.005825173 0.0054833341 0.0053830687 0.0046132891 0.0045639764 0.0048701865 0.005 0.005 0.005 0.005 0.005 0.005 0.005 0.005 0.005 0.005
0.20710021 0.20711182 0.20710786 0.20826155 0.21594025 0.21916576 0.20677287 0.16861683 0.11379329 0.070612741 0.043728048 0.030892119 0.023093679 0.012677166 0.0075653207 0.0056416019 0.0055757835 0.0040033877 0.0039515245 0.0044193547 0.005 0.005 0.005 0.005 0.0045384486 0.0038338932 0.0042689907 0.0055398653 0.0052690762 0.0072162443 0.014383473 0.028820186 0.047832847 0.087380747 0.13248733 0.19088517 0.22988683 0.23279617 0.23960261 0.23892624 0.22686947 0.18068141 0.10851445 0.05650256 0.029298479 0.019746637 0.015673894 0.009381503 0.0066070425 0.0058933127 0.0054048993 0.0047449071 0.0046289433 0.0047904822 0.005 0.005 0.005 0.005 0.005 0.005 0.005 0.005 0.005 0.005
0.20712464 0.20713339 0.2071308 0.2084431 0.21699052 0.21619783 0.20652683 0.16744064 0.11929231 0.07604902 0.050385791 0.037914815 0.025082593 0.012589937 0.0063005355 0.0038672257 0.0056056227 0.0037209504 0.0033995495 0.004362254 0.005 0.005 0.005 0.005 0.0044612074 0.0039851915 0.0040382861 0.0053961783 0.0051272391 0.0070589232 0.014916996 0.031993128 0.058125278 0.12094589 0.16769249 0.22506627 0.23317294 0.23223843 0.23721788 0.23954932 0.22846589 0.17988602 0.1130291 0.066612082 0.038163321 0.027572499 0.016728063 0.010146343 0.0068498142 0.005197288 0.0054750043 0.0047237979 0.0045205437 0.0047132562 0.005 0.005 0.005 0.005 0.005 0.005 0.005 0.005 0.005 0.005
0.20715536 0.2071563 0.20716055 0.20863003 0.21400002 0.2157157 0.20638955 0.16851357 0.12682049 0.082716591 0.058275535 0.043206096 0.026357156 0.012489443 0.0048744998 0.0039896632 0.0055454464 0.0033403939 0.0028098247 0.0044398962 0.005 0.005 0.005 0.005 0.0044564239 0.00403072 0.003844544 0.0052973438 0.0062484156 0.0047010489 0.015899004 0.036617438 0.088411784 0.15622848 0.2045037 0.23684294 0.22883775 0.22711788 0.23198356 0.23595966 0.22563617 0.17649416 0.12657461 0.075387351 0.04596245 0.030106774 0.017852621 0.010471291 0.0064341927 0.0048283841 0.0054495607 0.0046070343 0.004256742 0.004747081 0.005 0.005 0.005 0.005 0.005 0.005 0.005 0.005 0.005 0.005
0.20718198 0.20718894 0.20719106 0.20870731 0.21288867 0.21593348 0.20654173 0.17514727 0.1314338 0.090547685 0.066834731 0.046977989 0.028302762 0.013073452 0.0050663561 0.0051194613 0.0055456231 0.0028777883 0.003071673 0.0045177563 0.005 0.005 0.005 0.005 0.0046564757 0.0036484902 0.0037850145 0.0055399885 0.0033772242 0.0032509901 0.017919797 0.052086051 0.12388416 0.18657824 0.22810633 0.23269296 0.22366434 0.2211655 0.22715059 0.23141278 0.22191463 0.1838694 0.1327106 0.082021237 0.051362901 0.031261904 0.018652598 0.010407724 0.0055724921 0.0050694332 0.0053892555 0.0044167074 0.004300079 0.0047815892 0.005 0.005 0.005 0.005 0.005 0.005 0.005 0.005 0.005 0.005
0.20721088 0.20721719 0.20721729 0.20802067 0.21356389 0.21647382 0.20716406 0.17789368 0.13707833 0.099323959 0.074649919 0.052298351 0.031886344 0.015093277 0.0073758671 0.0063674934 0.0057731436 0.0031261194 0.0033187296 0.004589826 0.005 0.005 0.005 0.005 0.0044520517 0.0036027769 0.0039615493 0.0052173936 0.0024462595 0.0044158977 0.021902883 0.072960269 0.1438415 0.2051861 0.23240958 0.23230604 0.22211283 0.21855682 0.2249805 0.22976019 0.22084102 0.18700874 0.13558298 0.085291642 0.05260275 0.032158935 0.018921607 0.010007724 0.0055692419 0.0050641503 0.0053313564 0.0043768604 0.0043426566 0.0047972663 0.005 0.005 0.005 0.005 0.005 0.005 0.005 0.005 0.005 0.005
