dourado_reproduction/final_result_dourado/oq_pga_475y.tif
NCOLS 300
NROWS 300
XLLCORNER -98.3812
YLLCORNER -40.8699
DX 0.29253
DY 0.18867
NODATA_VALUE -9999
[rows 203 to 231 of 300, columns 192 to 255 of 300]
0.13195616 0.20084268 0.29586985 0.37054299 0.39207177 0.39203088 0.38099792 0.37580337 0.38050389 0.38891255 0.38531701 0.34544482 0.2689017 0.17070045 0.085857284 0.048649657 0.032790742 0.029519691 0.025260261 0.01710925 0.01182583 0.0076379054 0.002670143 0.00079418476 0.0024335135 0.0048236339 0.005 0.005 0.005 0.005 0.005 0.005 0.005 0.005 0.005 0.005 0.005 0.005 0.005 0.005 0.005 0.005 -9999 -9999 -9999 -9999 -9999 -9999 -9999 -9999 -9999 -9999 -9999 -9999 -9999 -9999 -9999 -9999 -9999 -9999 -9999 -9999 -9999 -9999
0.17519693 0.24369825 0.33796557 0.37848304 0.39306379 0.38880274 0.3761524 0.38284996 0.38484486 0.3893449 0.37178348 0.30061812 0.22274615 0.12238691 0.063557104 0.038379161 0.027907591 0.028359191 0.020934959 0.013893272 0.009468211 0.0052240781 0.0019419174 0.00095747032 0.0035746643 0.005 0.005 0.005 0.005 0.005 0.005 0.005 0.005 0.005 0.005 0.005 0.005 0.005 0.005 0.005 0.005 0.005 -9999 -9999 -9999 -9999 -9999 -9999 -9999 -9999 -9999 -9999 -9999 -9999 -9999 -9999 -9999 -9999 -9999 -9999 -9999 -9999 -9999 -9999
0.23326316 0.2946151 0.36510833 0.38031408 0.38927007 0.38216839 0.37661117 0.39231493 0.39040652 0.38690809 0.33764846 0.24574258 0.1691531 0.081366552 0.050736202 0.034421451 0.027542525 0.024484682 0.017789508 0.01167492 0.0076977957 0.0031767615 0.0023726196 0.002120842 0.0047785985 0.005 0.005 0.005 0.005 0.005 0.005 0.005 0.005 0.005 0.005 0.005 0.005 0.005 0.005 0.005 0.005 0.005 -9999 -9999 -9999 -9999 -9999 -9999 -9999 -9999 -9999 -9999 -9999 -9999 -9999 -9999 -9999 -9999 -9999 -9999 -9999 -9999 -9999 -9999
0.29427254 0.34144629 0.37313449 0.37918878 0.38296513 0.37666174 0.38430865 0.3997874 0.39260951 0.37249307 0.28844511 0.19047261 0.11743532 0.058967559 0.042848146 0.033353968 0.027340363 0.020526416 0.015275747 0.0099060994 0.0054874058 0.0027858791 0.0033037287 0.0035962757 0.005 0.005 0.005 0.005 0.005 0.005 0.005 0.005 0.005 0.005 0.005 0.005 0.005 0.005 0.005 0.005 0.005 0.005 -9999 -9999 -9999 -9999 -9999 -9999 -9999 -9999 -9999 -9999 -9999 -9999 -9999 -9999 -9999 -9999 -9999 -9999 -9999 -9999 -9999 -9999
0.34704562 0.36918976 0.37695182 0.37782966 0.37722367 0.3764437 0.39151045 0.400715 0.38703007 0.33688004 0.23960945 0.14316243 0.076775157 0.0458383 0.035969406 0.031175986 0.023730688 0.017474994 0.012815891 0.0080233159 0.0034529634 0.002916159 0.0040765438 0.0047429672 0.005 0.005 0.005 0.005 0.005 0.005 0.005 0.005 0.005 0.005 0.005 0.005 0.005 0.005 0.005 0.005 0.005 0.005 -9999 -9999 -9999 -9999 -9999 -9999 -9999 -9999 -9999 -9999 -9999 -9999 -9999 -9999 -9999 -9999 -9999 -9999 -9999 -9999 -9999 -9999
0.37349387 0.38211645 0.38415113 0.3802259 0.37486262 0.37574388 0.38569369 0.38947855 0.36910988 0.30550728 0.20817145 0.11165918 0.053536481 0.030751371 0.025732384 0.025789157 0.019282134 0.013723007 0.0096390286 0.0053975426 0.0017748102 0.001992998 0.0039033658 0.005 0.005 0.005 0.005 0.005 0.005 0.005 0.005 0.005 0.005 0.005 0.005 0.005 0.005 0.005 0.005 0.005 0.005 0.005 -9999 -9999 -9999 -9999 -9999 -9999 -9999 -9999 -9999 -9999 -9999 -9999 -9999 -9999 -9999 -9999 -9999 -9999 -9999 -9999 -9999 -9999
0.38181902 0.39319247 0.39111068 0.38237166 0.37414796 0.37526035 0.38136229 0.37987737 0.33191196 0.26270213 0.16292624 0.072747986 0.039933542 0.022511208 0.023202833 0.022563933 0.015822373 0.010949008 0.0075028408 0.0033072113 0.0011159449 0.0022078488 0.0047142637 0.005 0.005 0.005 0.005 0.005 0.005 0.005 0.005 0.005 0.005 0.005 0.005 0.005 0.005 0.005 0.005 0.005 0.005 0.005 -9999 -9999 -9999 -9999 -9999 -9999 -9999 -9999 -9999 -9999 -9999 -9999 -9999 -9999 -9999 -9999 -9999 -9999 -9999 -9999 -9999 -9999
0.38890335 0.39898618 0.39386629 0.38094372 0.37683586 0.37593615 0.37763424 0.36027064 0.28036825 0.20733726 0.1087959 0.050822736 0.033438555 0.020850926 0.024367415 0.018904576 0.013489566 0.0091335104 0.0055375207 0.0027628274 0.0017408552 0.0034843499 0.005 0.005 0.005 0.005 0.005 0.005 0.005 0.005 0.005 0.005 0.005 0.005 0.005 0.005 0.005 0.005 0.005 0.005 0.005 0.005 -9999 -9999 -9999 -9999 -9999 -9999 -9999 -9999 -9999 -9999 -9999 -9999 -9999 -9999 -9999 -9999 -9999 -9999 -9999 -9999 -9999 -9999
0.39177743 0.39901706 0.39124539 0.37753694 0.37835114 0.37377016 0.36661264 0.31913697 0.22320551 0.14896705 0.067076501 0.038913314 0.030486182 0.021966391 0.021721543 0.016237853 0.011712645 0.0075850115 0.0036686652 0.0030836416 0.0030588224 0.004657123 0.005 0.005 0.005 0.005 0.005 0.005 0.005 0.005 0.005 0.005 0.005 0.005 0.005 0.005 0.005 0.005 0.005 0.005 0.005 0.005 -9999 -9999 -9999 -9999 -9999 -9999 -9999 -9999 -9999 -9999 -9999 -9999 -9999 -9999 -9999 -9999 -9999 -9999 -9999 -9999 -9999 -9999
0.38974499 0.39304296 0.38296633 0.37559756 0.37418401 0.36422017 0.34234354 0.26424591 0.16914685 0.096337037 0.045124226 0.031691578 0.028045495 0.022819886 0.018262856 0.013949666 0.0099309456 0.0057377934 0.0032329555 0.003659758 0.0043741163 0.005 0.005 0.005 0.005 0.005 0.005 0.005 0.005 0.005 0.005 0.005 0.005 0.005 0.005 0.005 0.005 0.005 0.005 0.005 0.005 0.005 -9999 -9999 -9999 -9999 -9999 -9999 -9999 -9999 -9999 -9999 -9999 -9999 -9999 -9999 -9999 -9999 -9999 -9999 -9999 -9999 -9999 -9999
0.38279279 0.38129105 0.36994073 0.36304249 0.357067 0.34226565 0.30261602 0.2219988 0.12991949 0.05953979 0.029324081 0.021248241 0.022397978 0.020202451 0.014962734 0.011149974 0.0076237814 0.003647976 0.0024670782 0.0035076424 0.0048282991 0.005 0.005 0.005 0.005 0.005 0.005 0.005 0.005 0.005 0.005 0.005 0.005 0.005 0.005 0.005 0.005 0.005 0.005 0.005 0.005 0.005 -9999 -9999 -9999 -9999 -9999 -9999 -9999 -9999 -9999 -9999 -9999 -9999 -9999 -9999 -9999 -9999 -9999 -9999 -9999 -9999 -9999 -9999
0.38137658 0.37309511 0.33545536 0.32200324 0.31150219 0.298511 0.26196718 0.18266668 0.091875213 0.038889312 0.016226216 0.013731617 0.019959001 0.016492568 0.011921991 0.0086928615 0.0055465578 0.0023287125 0.0018510645 0.0036073502 0.005 0.005 0.005 0.005 0.005 0.005 0.005 0.005 0.005 0.005 0.005 0.005 0.005 0.005 0.005 0.005 0.005 0.005 0.005 0.005 0.005 0.005 -9999 -9999 -9999 -9999 -9999 -9999 -9999 -9999 -9999 -9999 -9999 -9999 -9999 -9999 -9999 -9999 -9999 -9999 -9999 -9999 -9999 -9999
0.38542447 0.35312842 0.28483483 0.25972145 0.24723357 0.24075035 0.20856455 0.13231199 0.055552525 0.028133361 0.011785449 0.014744053 0.017701789 0.013769977 0.0099719797 0.0073152969 0.0039046154 0.0024184971 0.0024553025 0.0046118494 0.005 0.005 0.005 0.005 0.005 0.005 0.005 0.005 0.005 0.005 0.005 0.005 0.005 0.005 0.005 0.005 0.005 0.005 0.005 0.005 0.005 0.005 -9999 -9999 -9999 -9999 -9999 -9999 -9999 -9999 -9999 -9999 -9999 -9999 -9999 -9999 -9999 -9999 -9999 -9999 -9999 -9999 -9999 -9999
0.38073313 0.31302453 0.22860285 0.19336597 0.18422549 0.17460925 0.14978103 0.084288484 0.038456858 0.02344095 0.012311575 0.016623918 0.014346086 0.011663637 0.0085258273 0.0059284913 0.0035151139 0.0031986063 0.0035168349 0.005 0.005 0.005 0.005 0.005 0.005 0.005 0.005 0.005 0.005 0.005 0.005 0.005 0.005 0.005 0.005 0.005 0.005 0.005 0.005 0.005 0.005 0.005 -9999 -9999 -9999 -9999 -9999 -9999 -9999 -9999 -9999 -9999 -9999 -9999 -9999 -9999 -9999 -9999 -9999 -9999 -9999 -9999 -9999 -9999
0.35677748 0.26377311 0.17469489 0.13196495 0.12038513 0.1087122 0.09368543 0.049146842 0.029860237 0.021593177 0.014706929 0.014789811 0.011882344 0.0098285576 0.007217898 0.0044935425 0.0038585001 0.004127254 0.0045479677 0.005 0.005 0.005 0.005 0.005 0.005 0.005 0.005 0.005 0.005 0.005 0.005 0.005 0.005 0.005 0.005 0.005 0.005 0.005 0.005 0.005 0.005 0.005 -9999 -9999 -9999 -9999 -9999 -9999 -9999 -9999 -9999 -9999 -9999 -9999 -9999 -9999 -9999 -9999 -9999 -9999 -9999 -9999 -9999 -9999
0.31509719 0.21960163 0.13018358 0.083722617 0.065565116 0.057618718 0.049265039 0.031539723 0.022160624 0.01814616 0.015045558 0.011643896 0.0095107745 0.0078796566 0.0056849404 0.0038567086 0.0039141238 0.0046516722 0.005 0.005 0.005 0.005 0.005 0.005 0.005 0.005 0.005 0.005 0.005 0.005 0.005 0.005 0.005 0.005 0.005 0.005 0.005 0.005 0.005 0.005 0.005 0.005 -9999 -9999 -9999 -9999 -9999 -9999 -9999 -9999 -9999 -9999 -9999 -9999 -9999 -9999 -9999 -9999 -9999 -9999 -9999 -9999 -9999 -9999
0.27771646 0.18069151 0.090176902 0.054389771 0.040056581 0.035791842 0.030116783 0.016464511 0.01143371 0.011766241 0.011667069 0.0089054369 0.0072395787 0.0060757235 0.0040393759 0.0028253625 0.0034091762 0.004672887 0.005 0.005 0.005 0.005 0.005 0.005 0.005 0.005 0.005 0.005 0.005 0.005 0.005 0.005 0.005 0.005 0.005 0.005 0.005 0.005 0.005 0.005 0.005 0.005 -9999 -9999 -9999 -9999 -9999 -9999 -9999 -9999 -9999 -9999 -9999 -9999 -9999 -9999 -9999 -9999 -9999 -9999 -9999 -9999 -9999 -9999
0.22466455 0.12549685 0.058461784 0.039084483 0.029619669 0.029183789 0.017694309 0.0088098399 0.0074842931 0.010818559 0.0090496384 0.0075202731 0.0064689941 0.0053958865 0.0034426989 0.0027726535 0.0038901682 0.0049998414 0.005 0.005 0.005 0.005 0.005 0.005 0.005 0.005 0.005 0.005 0.005 0.005 0.005 0.005 0.005 0.005 0.005 0.005 0.005 0.005 0.005 0.005 0.005 0.005 -9999 -9999 -9999 -9999 -9999 -9999 -9999 -9999 -9999 -9999 -9999 -9999 -9999 -9999 -9999 -9999 -9999 -9999 -9999 -9999 -9999 -9999
0.16555098 0.077419038 0.043135851 0.031998747 0.025909013 0.024008645 0.012434902 0.0067544712 0.0070937842 0.0086250579 0.0074497074 0.0068792724 0.006239514 0.0045856245 0.003628636 0.0033290496 0.0046105777 0.005 0.005 0.005 0.005 0.005 0.005 0.005 0.005 0.005 0.005 0.005 0.005 0.005 0.005 0.005 0.005 0.005 0.005 0.005 0.005 0.005 0.005 0.005 0.005 0.005 -9999 -9999 -9999 -9999 -9999 -9999 -9999 -9999 -9999 -9999 -9999 -9999 -9999 -9999 -9999 -9999 -9999 -9999 -9999 -9999 -9999 -9999
0.10895775 0.05119425 0.036087775 0.029307589 0.024920316 0.018180457 0.011918342 0.0074815486 0.0074577625 0.006137986 0.0063544377 0.0065209443 0.005873067 0.0045036286 0.0042240788 0.0041466986 0.0049965923 0.005 0.005 0.005 0.005 0.005 0.005 0.005 0.005 0.005 0.005 0.005 0.005 0.005 0.005 0.005 0.005 0.005 0.005 0.005 0.005 0.005 0.005 0.005 0.005 0.005 -9999 -9999 -9999 -9999 -9999 -9999 -9999 -9999 -9999 -9999 -9999 -9999 -9999 -9999 -9999 -9999 -9999 -9999 -9999 -9999 -9999 -9999
0.063427856 0.0382976 0.030640547 0.027200023 0.022952639 0.016926105 0.012426988 0.0083672194 0.0056595987 0.0045110326 0.0052471084 0.0058633322 0.0050712486 0.0047153059 0.0047703039 0.0048457976 0.005 0.005 0.005 0.005 0.005 0.005 0.005 0.005 0.005 0.005 0.005 0.005 0.005 0.005 0.005 0.005 0.005 0.005 0.005 0.005 0.005 0.005 0.005 0.005 0.005 0.005 -9999 -9999 -9999 -9999 -9999 -9999 -9999 -9999 -9999 -9999 -9999 -9999 -9999 -9999 -9999 -9999 -9999 -9999 -9999 -9999 -9999 -9999
0.036519823 0.022470358 0.019323362 0.020392896 0.017898855 0.013275564 0.0094355583 0.0060348994 0.0029072495 0.0023946273 0.0036435778 0.004769981 0.0042242852 0.0042218695 0.0046151943 0.0049958498 0.005 0.005 0.005 0.005 0.005 0.005 0.005 0.005 0.005 0.005 0.005 0.005 0.005 0.005 0.005 0.005 0.005 0.005 0.005 0.005 0.005 0.005 0.005 0.005 0.005 0.005 -9999 -9999 -9999 -9999 -9999 -9999 -9999 -9999 -9999 -9999 -9999 -9999 -9999 -9999 -9999 -9999 -9999 -9999 -9999 -9999 -9999 -9999
0.022091315 0.012540828 0.014087785 0.017203231 0.013970408 0.010430027 0.0073133295 0.0039209945 0.0018207238 0.0019603886 0.003818845 0.0041418447 0.0037959299 0.0041042547 0.0047903354 0.005 0.005 0.005 0.005 0.005 0.005 0.005 0.005 0.005 0.005 0.005 0.005 0.005 0.005 0.005 0.005 0.005 0.005 0.005 0.005 0.005 0.005 0.005 0.005 0.005 0.005 0.005 -9999 -9999 -9999 -9999 -9999 -9999 -9999 -9999 -9999 -9999 -9999 -9999 -9999 -9999 -9999 -9999 -9999 -9999 -9999 -9999 -9999 -9999
0.015266382 0.0087351455 0.013203155 0.012719575 0.011215562 0.0087445547 0.006154336 0.002970682 0.0021495188 0.0026755561 0.0044463343 0.003974754 0.0038968278 0.0043577026 0.0049901258 0.005 0.005 0.005 0.005 0.005 0.005 0.005 0.005 0.005 0.005 0.005 0.005 0.005 0.005 0.005 0.005 0.005 0.005 0.005 0.005 0.005 0.005 0.005 0.005 0.005 0.005 0.005 -9999 -9999 -9999 -9999 -9999 -9999 -9999 -9999 -9999 -9999 -9999 -9999 -9999 -9999 -9999 -9999 -9999 -9999 -9999 -9999 -9999 -9999
0.013343998 0.0084114518 0.011596455 0.0096599004 0.0091921557 0.0075704813 0.0050007044 0.0033540612 0.003203762 0.0037975966 0.0044991106 0.0042793967 0.0042980088 0.0047251662 0.005 0.005 0.005 0.005 0.005 0.005 0.005 0.005 0.005 0.005 0.005 0.005 0.005 0.005 0.005 0.005 0.005 0.005 0.005 0.005 0.005 0.005 0.005 0.005 0.005 0.005 0.005 0.005 -9999 -9999 -9999 -9999 -9999 -9999 -9999 -9999 -9999 -9999 -9999 -9999 -9999 -9999 -9999 -9999 -9999 -9999 -9999 -9999 -9999 -9999
0.013508506 0.0090428396 0.0081419983 0.0075409644 0.0074641261 0.0064173084 0.0044916937 0.0042200534 0.0043850101 0.0047587372 0.004783675 0.004778141 0.0047736131 0.0049809867 0.005 0.005 0.005 0.005 0.005 0.005 0.005 0.005 0.005 0.005 0.005 0.005 0.005 0.005 0.005 0.005 0.005 0.005 0.005 0.005 0.005 0.005 0.005 0.005 0.005 0.005 0.005 0.005 -9999 -9999 -9999 -9999 -9999 -9999 -9999 -9999 -9999 -9999 -9999 -9999 -9999 -9999 -9999 -9999 -9999 -9999 -9999 -9999 -9999 -9999
0.010869552 0.0076395732 0.005546872 0.0052951167 0.0055294532 0.004811033 0.0038595735 0.0040526719 0.0046766398 0.005 0.005 0.005 0.005 0.005 0.005 0.005 0.005 0.005 0.005 0.005 0.005 0.005 0.005 0.005 0.005 0.005 0.005 0.005 0.005 0.005 0.005 0.005 0.005 0.005 0.005 0.005 0.005 0.005 0.005 0.005 0.005 0.005 -9999 -9999 -9999 -9999 -9999 -9999 -9999 -9999 -9999 -9999 -9999 -9999 -9999 -9999 -9999 -9999 -9999 -9999 -9999 -9999 -9999 -9999
0.0080217927 0.0053232529 0.0040661698 0.0042212248 0.004776295 0.0036370612 0.0032001739 0.0038750881 0.004888188 0.005 0.005 0.005 0.005 0.005 0.005 0.005 0.005 0.005 0.005 0.005 0.005 0.005 0.005 0.005 0.005 0.005 0.005 0.005 0.005 0.005 0.005 0.005 0.005 0.005 0.005 0.005 0.005 0.005 0.005 0.005 0.005 0.005 -9999 -9999 -9999 -9999 -9999 -9999 -9999 -9999 -9999 -9999 -9999 -9999 -9999 -9999 -9999 -9999 -9999 -9999 -9999 -9999 -9999 -9999
0.0063363388 0.004376688 0.0038396676 0.0044617557 0.0043114019 0.0034080944 0.0033186815 0.0043648202 0.005 0.005 0.005 0.005 0.005 0.005 0.005 0.005 0.005 0.005 0.005 0.005 0.005 0.005 0.005 0.005 0.005 0.005 0.005 0.005 0.005 0.005 0.005 0.005 0.005 0.005 0.005 0.005 0.005 0.005 0.005 0.005 0.005 0.005 -9999 -9999 -9999 -9999 -9999 -9999 -9999 -9999 -9999 -9999 -9999 -9999 -9999 -9999 -9999 -9999 -9999 -9999 -9999 -9999 -9999 -9999
