dourado_reproduction/final_result_dourado/oq_pga_475y.tif
NCOLS 300
NROWS 300
XLLCORNER -98.3812
YLLCORNER -40.8699
DX 0.29253
DY 0.18867
NODATA_VALUE -9999
[rows 232 to 260 of 300, columns 128 to 191 of 300]
0.005 0.005 0.005 0.005 0.005 0.005 0.005 0.005 0.005 0.005 0.005 0.005 0.005 0.005 0.005 0.005 0.005 0.005 0.005 0.005 0.005 0.005 0.005 0.005 0.004922247 0.0047504065 0.0047663541 0.0049025636 0.004590556 0.0038933664 0.0037249039 0.0045838614 0.003176695 0.0014411798 0.0036560279 0.010578613 0.01918823 0.021935647 0.019533562 0.035868468 0.058221794 0.11305928 0.21362133 0.28934332 0.36390861 0.38801264 0.39404118 0.38949488 0.37199418 0.32526733 0.25937426 0.22150762 0.20793645 0.19028329 0.15982539 0.10355979 0.043813185 0.026678326 0.017937838 0.016928492 0.016589469 0.012552434 0.0094817242 0.0073887544
0.005 0.005 0.005 0.005 0.005 0.005 0.005 0.005 0.005 0.005 0.005 0.005 0.005 0.005 0.005 0.005 0.005 0.005 0.005 0.005 0.005 0.005 0.005 0.005 0.0049503553 0.0048791582 0.0048915487 0.0049466958 0.0047600337 0.0042984231 0.0040117958 0.0045161863 0.0041751337 0.0042680443 0.0061247548 0.011040304 0.018360229 0.015722136 0.01646263 0.035856643 0.071165287 0.16036595 0.26125918 0.3349214 0.38396983 0.39979421 0.39827278 0.38513763 0.35513619 0.28737015 0.21750525 0.17201224 0.15156034 0.12555638 0.10127313 0.060228155 0.031708408 0.023592659 0.018705395 0.017243079 0.013335209 0.010694083 0.0081974112 0.0060350523
0.005 0.005 0.005 0.005 0.005 0.005 0.005 0.005 0.005 0.005 0.005 0.005 0.005 0.005 0.005 0.005 0.005 0.005 0.005 0.005 0.005 0.005 0.005 0.005 0.0049957938 0.0049761798 0.004957481 0.0049723921 0.0049626818 0.0045257035 0.0041423729 0.0044810638 0.0056482932 0.0064081859 0.0079950279 0.012046268 0.016348663 0.015427082 0.02054577 0.043655541 0.10198559 0.1968063 0.29578268 0.36662314 0.39795035 0.40674729 0.39789109 0.37595386 0.32815062 0.25588205 0.1830855 0.13323602 0.10239065 0.078386059 0.057277093 0.034966917 0.022012408 0.018013708 0.016960387 0.01376919 0.010834941 0.0086938581 0.0066247515 0.0043446407
0.005 0.005 0.005 0.005 0.005 0.005 0.005 0.005 0.005 0.005 0.005 0.005 0.005 0.005 0.005 0.005 0.005 0.005 0.005 0.005 0.005 0.005 0.005 0.005 0.0049987286 0.0049659396 0.0049319297 0.0049318991 0.0049446944 0.0044472229 0.0039926619 0.0043038143 0.0052839484 0.0061238364 0.0077819144 0.012171088 0.018527979 0.021166818 0.029837115 0.060760127 0.12620834 0.22219739 0.32234212 0.38075248 0.40363444 0.40496449 0.38866029 0.35928135 0.30775031 0.2312785 0.15453821 0.10806376 0.079551328 0.057577457 0.038236314 0.018877142 0.010208238 0.010526408 0.013159051 0.010532384 0.0081664034 0.0065421259 0.00477313 0.0028733372
0.005 0.005 0.005 0.005 0.005 0.005 0.005 0.005 0.005 0.005 0.005 0.005 0.005 0.005 0.005 0.005 0.005 0.005 0.005 0.005 0.005 0.005 0.005 0.005 0.004999983 0.0049680596 0.0049234408 0.004920499 0.0049606298 0.0044909285 0.0039999978 0.0037799927 0.0044511747 0.0056084195 0.0077304748 0.01124271 0.019981888 0.02626368 0.040307034 0.09418837 0.16510959 0.26401573 0.35218973 0.38723533 0.40223642 0.39591603 0.37583932 0.33480736 0.28148801 0.20092965 0.13218591 0.090878315 0.064815865 0.04518984 0.023695036 0.011078972 0.0057372221 0.0097470739 0.0096356916 0.0087033494 0.0071062968 0.005936689 0.0036375651 0.0026474085
0.005 0.005 0.005 0.005 0.005 0.005 0.005 0.005 0.005 0.005 0.005 0.005 0.005 0.005 0.005 0.005 0.005 0.005 0.005 0.005 0.005 0.005 0.005 0.005 0.005 0.0049735392 0.0049318678 0.0049355366 0.0049678206 0.0045807 0.0042222884 0.0027951144 0.0034728026 0.0053401467 0.0086446754 0.0097798558 0.020742532 0.032067502 0.059981444 0.13599314 0.20975411 0.30428683 0.3633503 0.38839534 0.39652772 0.38441953 0.35831319 0.30620342 0.25202507 0.17435133 0.11918438 0.079438987 0.054270936 0.035098975 0.01615619 0.0086693241 0.0051804169 0.008826934 0.0072179491 0.0076085156 0.0066512768 0.0053156692 0.0036021147 0.0032241868
0.005 0.005 0.005 0.005 0.005 0.005 0.005 0.005 0.005 0.005 0.005 0.005 0.005 0.005 0.005 0.005 0.005 0.005 0.005 0.005 0.005 0.005 0.005 0.005 0.005 0.0049811073 0.0049604762 0.0049663981 0.0049795495 0.0047236432 0.0037140668 0.001948691 0.002775037 0.0058819007 0.0075055455 0.0088258184 0.021457495 0.040470138 0.094962776 0.17819846 0.25252164 0.32911802 0.3677597 0.38618964 0.38847487 0.37354192 0.33335738 0.27718055 0.222728 0.15790514 0.11051768 0.071758089 0.046050513 0.025697947 0.01444149 0.0090330965 0.0060228257 0.0057061422 0.0057652403 0.0067395548 0.0062640715 0.0047114862 0.0042026831 0.0041090315
0.005 0.005 0.005 0.005 0.005 0.005 0.005 0.005 0.005 0.005 0.005 0.005 0.005 0.005 0.005 0.005 0.005 0.005 0.005 0.005 0.005 0.005 0.005 0.005 0.005 0.0049946026 0.0049950102 0.0049957084 0.0049964066 0.0047642243 0.0029954193 0.0016886119 0.0029074002 0.0065664899 0.0062843859 0.00938523 0.023664074 0.05775582 0.12840836 0.21130658 0.28475509 0.33827774 0.36945018 0.38279421 0.38006703 0.35732165 0.30974062 0.25190631 0.19700353 0.14649901 0.10232935 0.065217141 0.038356475 0.021738517 0.013563002 0.0093477348 0.0057971094 0.0037264506 0.0043855593 0.0056492207 0.0054376653 0.0046828265 0.0046645087 0.0048435355
0.005 0.005 0.005 0.005 0.005 0.005 0.005 0.005 0.005 0.005 0.005 0.005 0.005 0.005 0.005 0.005 0.005 0.005 0.005 0.005 0.005 0.005 0.005 0.005 0.005 0.005 0.005 0.005 0.005 0.0047736748 0.0033654121 0.0024211404 0.0040613091 0.0080457436 0.0087147883 0.012766781 0.028285703 0.06502703 0.13726413 0.22174691 0.29696854 0.34619362 0.37242501 0.380828 0.37317711 0.34590453 0.29555613 0.23495445 0.17784953 0.13068363 0.08879634 0.053966504 0.030158325 0.015873649 0.009216855 0.0065203092 0.0034009313 0.0017110026 0.0027512109 0.004395972 0.0041768185 0.0039195718 0.0042852962 0.0048483653
0.005 0.005 0.005 0.005 0.005 0.005 0.005 0.005 0.005 0.005 0.005 0.005 0.005 0.005 0.005 0.005 0.005 0.005 0.005 0.005 0.005 0.005 0.005 0.005 0.005 0.005 0.005 0.005 0.0048208167 0.0047592557 0.0038785454 0.0033596751 0.0059120577 0.010523772 0.011942985 0.016762122 0.030825529 0.059567918 0.13174739 0.21815424 0.30154609 0.35325758 0.37503033 0.37899426 0.36495148 0.33501327 0.28149061 0.2189606 0.15893015 0.11126958 0.071350284 0.039924053 0.023836495 0.012236056 0.0074893954 0.0052691532 0.0024597999 0.0014958811 0.0030939965 0.0042277431 0.0036389093 0.0037216357 0.004446463 0.005
0.005 0.005 0.005 0.005 0.005 0.005 0.005 0.005 0.005 0.005 0.005 0.005 0.005 0.005 0.005 0.005 0.005 0.005 0.005 0.005 0.005 0.005 0.005 0.005 0.005 0.005 0.005 0.005 0.0041829062 0.0044121682 0.0043870258 0.0051840349 0.0077308319 0.012717414 0.015337966 0.02304185 0.029087819 0.053443155 0.12317813 0.20932692 0.30351107 0.35868332 0.37682438 0.37738164 0.35514438 0.32192559 0.26660426 0.20608576 0.13981208 0.091270982 0.053740943 0.028860492 0.019129806 0.010387329 0.0070787545 0.0037221738 0.0027241722 0.0023317238 0.0040734994 0.0038127842 0.003717023 0.0039746495 0.0048209127 0.005
0.005 0.005 0.005 0.005 0.005 0.005 0.005 0.005 0.005 0.005 0.005 0.005 0.005 0.005 0.005 0.005 0.005 0.005 0.005 0.005 0.005 0.005 0.005 0.005 0.005 0.005 0.005 0.0046218604 0.0034203741 0.0039213724 0.0051048795 0.0071726758 0.0095696088 0.014527085 0.019184746 0.024690445 0.027077946 0.050259796 0.11613581 0.20536869 0.30309764 0.36280934 0.37829081 0.37260469 0.34424027 0.30684464 0.25249234 0.18958761 0.1214982 0.072024668 0.038397609 0.021249712 0.015312269 0.0094704378 0.0061978602 0.0036508157 0.0036219539 0.0035949454 0.0045033113 0.0040531339 0.0041623746 0.004429491 0.005 0.005
0.005 0.005 0.005 0.005 0.005 0.005 0.005 0.005 0.005 0.005 0.005 0.005 0.005 0.005 0.005 0.005 0.005 0.005 0.005 0.005 0.005 0.005 0.005 0.005 0.005 0.005 0.0049755573 0.0037793088 0.0027992081 0.003633712 0.0063398303 0.0086166678 0.011318748 0.016271974 0.023144641 0.022407547 0.027706468 0.052804575 0.11416004 0.20770383 0.30210871 0.36528787 0.37904447 0.36523845 0.33266598 0.29033966 0.23812716 0.17102147 0.1048664 0.054862201 0.027005307 0.015459524 0.01166739 0.0086808796 0.0050520868 0.0042061923 0.0045510245 0.0047155545 0.0045989972 0.0045879192 0.0047128125 0.0048528357 0.005 0.005
0.005 0.005 0.005 0.005 0.005 0.005 0.005 0.005 0.005 0.005 0.005 0.005 0.005 0.005 0.005 0.005 0.005 0.005 0.005 0.005 0.005 0.005 0.005 0.005 0.005 0.005 0.0047703499 0.0036123773 0.0027833764 0.0037734622 0.0070267835 0.0095855651 0.012601157 0.017838788 0.024367417 0.026218878 0.03472832 0.062944846 0.12581588 0.21665686 0.30802512 0.36899996 0.37742783 0.35872121 0.32139264 0.27421185 0.21990511 0.15422712 0.089651232 0.040953281 0.017935847 0.0088871491 0.0075391958 0.0070442805 0.0041641653 0.00376196 0.0045378636 0.0050515305 0.0047654587 0.004766846 0.0049024301 0.005 0.005 0.005
0.005 0.005 0.005 0.005 0.005 0.005 0.005 0.005 0.005 0.005 0.005 0.005 0.005 0.005 0.005 0.005 0.005 0.005 0.005 0.005 0.005 0.005 0.005 0.005 0.005 0.005 0.0048971678 0.0037956627 0.0029852168 0.0042001424 0.006790388 0.0095166128 0.01272295 0.018581733 0.027124582 0.032057371 0.043356815 0.085130561 0.16749443 0.25907729 0.34906278 0.37710945 0.37823413 0.35499546 0.31260213 0.25511744 0.19203921 0.12683742 0.063562843 0.029693294 0.012597056 0.0065191867 0.007808483 0.0057298878 0.0036378347 0.0037284314 0.0049214666 0.0049900128 0.0047933164 0.0048170077 0.0049665855 0.005 0.005 0.005
0.005 0.005 0.005 0.005 0.005 0.005 0.005 0.005 0.005 0.005 0.005 0.005 0.005 0.005 0.005 0.005 0.005 0.005 0.005 0.005 0.005 0.005 0.005 0.005 0.005 0.005 0.0049807787 0.0040137635 0.0035123022 0.0039056001 0.0059249301 0.0088547669 0.01295161 0.016934561 0.027673265 0.037175735 0.055002675 0.13291658 0.22556721 0.31779006 0.38302842 0.38228112 0.3763622 0.35005293 0.30258542 0.22595586 0.15664197 0.092709101 0.040607083 0.022797069 0.010958757 0.0075780988 0.0077502106 0.0052876533 0.0038769553 0.0043203206 0.0050541029 0.0049415735 0.004854319 0.004902841 0.005 0.005 0.005 0.005
0.005 0.005 0.005 0.005 0.005 0.005 0.005 0.005 0.005 0.005 0.005 0.005 0.005 0.005 0.005 0.005 0.005 0.005 0.005 0.005 0.005 0.005 0.005 0.005 0.005 0.005 0.005 0.004276778 0.0040544416 0.0031860976 0.0047472876 0.0081863618 0.012489001 0.014063317 0.026400283 0.042374712 0.081751121 0.18960467 0.28560056 0.36739434 0.39334406 0.38475514 0.36958154 0.34042536 0.28364405 0.19284442 0.11869019 0.060880784 0.027272356 0.018127384 0.011419893 0.0089353122 0.0064964662 0.0053337966 0.0045297694 0.0048681938 0.0048237144 0.0048876108 0.0049277525 0.0049734006 0.005 0.005 0.005 0.005
0.005 0.005 0.005 0.005 0.005 0.005 0.005 0.005 0.005 0.005 0.005 0.005 0.005 0.005 0.005 0.005 0.005 0.005 0.005 0.005 0.005 0.005 0.005 0.005 0.005 0.005 0.005 0.0047053622 0.003530528 0.0024197824 0.0037422718 0.0080375785 0.0087269449 0.011003121 0.024907277 0.049427345 0.12993647 0.24042836 0.3319472 0.38938621 0.39667967 0.38247581 0.35742685 0.32464385 0.25133275 0.16020955 0.084513172 0.037762903 0.019032399 0.014219705 0.011886151 0.0084630887 0.0060930056 0.0055105449 0.0051614 0.0049081286 0.004677679 0.0048175416 0.0049786564 0.005 0.005 0.005 0.005 0.005
0.005 0.005 0.005 0.005 0.005 0.005 0.005 0.005 0.005 0.005 0.005 0.005 0.005 0.005 0.005 0.005 0.005 0.005 0.005 0.005 0.005 0.005 0.005 0.005 0.005 0.005 0.005 0.0046315869 0.0030666896 0.001974608 0.0032724923 0.0066133579 0.0064626747 0.0097080803 0.024629423 0.066385162 0.15594853 0.26213871 0.34870184 0.38628322 0.38908833 0.36978824 0.33860508 0.29692921 0.22136857 0.13347364 0.060319412 0.0235824 0.010223653 0.0088215379 0.010027874 0.0069999198 0.0053860241 0.0052000344 0.0052352616 0.0046756219 0.004538087 0.0047345723 0.0049650887 0.005 0.005 0.005 0.005 0.005
0.005 0.005 0.005 0.005 0.005 0.005 0.005 0.005 0.005 0.005 0.005 0.005 0.005 0.005 0.005 0.005 0.005 0.005 0.005 0.005 0.005 0.005 0.005 0.005 0.005 0.005 0.0049966683 0.0047692009 0.0031682242 0.0020116315 0.0034748596 0.0069520355 0.0068673606 0.010104777 0.026188886 0.060109244 0.14648549 0.2503169 0.33108741 0.35387392 0.35024268 0.32519284 0.29929978 0.26090445 0.18741968 0.10156984 0.03932618 0.013519275 0.0042348132 0.0068725806 0.008992093 0.0058164196 0.0046580229 0.0049285779 0.0050444016 0.0045706054 0.0045074027 0.0047776611 0.005 0.005 0.005 0.005 0.005 0.005
0.005 0.005 0.005 0.005 0.005 0.005 0.005 0.005 0.005 0.005 0.005 0.005 0.005 0.005 0.005 0.005 0.005 0.005 0.005 0.005 0.005 0.005 0.005 0.005 0.005 0.005 0.0049274968 0.0048862432 0.0034801972 0.002474932 0.0039730805 0.0071808934 0.0073488476 0.011089411 0.027143352 0.051553113 0.12782375 0.22577418 0.28496168 0.29622611 0.28260526 0.25857221 0.24864369 0.21121589 0.14144794 0.063466172 0.028808958 0.01053551 0.0051374574 0.010013994 0.0077338574 0.0055145296 0.0047096713 0.005188685 0.004797957 0.0046292095 0.0046348299 0.0049409095 0.005 0.005 0.005 0.005 0.005 0.005
0.005 0.005 0.005 0.005 0.005 0.005 0.005 0.005 0.005 0.005 0.005 0.005 0.005 0.005 0.005 0.005 0.005 0.005 0.005 0.005 0.005 0.005 0.005 0.005 0.005 0.0049833073 0.0048124607 0.0048758458 0.0038691898 0.0036435707 0.0044151399 0.0069880579 0.0078668983 0.014275947 0.025823517 0.044337301 0.10625274 0.18462916 0.21936779 0.22741185 0.20976455 0.2026938 0.18777042 0.15519047 0.095384026 0.042590868 0.023951999 0.011758971 0.0083004673 0.0097342195 0.0072075908 0.0057186423 0.0049914424 0.0049328313 0.0046863186 0.0047650269 0.0048031973 0.005 0.005 0.005 0.005 0.005 0.005 0.005
0.005 0.005 0.005 0.005 0.005 0.005 0.005 0.005 0.005 0.005 0.005 0.005 0.005 0.005 0.005 0.005 0.005 0.005 0.005 0.005 0.005 0.005 0.005 0.005 0.005 0.0048716959 0.0046956961 0.0048041332 0.0044636581 0.0045191801 0.0048082538 0.0066220159 0.0088073993 0.014846499 0.022521811 0.036753134 0.081401232 0.12627718 0.14730459 0.15800358 0.14552437 0.14402948 0.12530266 0.10110052 0.057642657 0.03247876 0.021745206 0.013789754 0.010879975 0.0085073824 0.0070013279 0.0059496925 0.0051590298 0.0045834637 0.0046283886 0.0048661908 0.0049493211 0.005 0.005 0.005 0.005 0.005 0.005 0.005
0.005 0.005 0.005 0.005 0.005 0.005 0.005 0.005 0.005 0.005 0.005 0.005 0.005 0.005 0.005 0.005 0.005 0.005 0.005 0.005 0.005 0.005 0.005 0.005 0.0049593384 0.0047629593 0.004627644 0.0047792535 0.0051118558 0.0048803001 0.0048960612 0.0062686225 0.009509106 0.012141584 0.016847369 0.027712527 0.050708174 0.07181451 0.089297648 0.099933902 0.099535231 0.090122972 0.075296772 0.057242372 0.036346912 0.024340899 0.017940041 0.013871243 0.0099809098 0.0076001167 0.0065272888 0.0058499431 0.0048374628 0.0043597331 0.0045257756 0.0048786984 0.005 0.005 0.005 0.005 0.005 0.005 0.005 0.005
0.005 0.005 0.005 0.005 0.005 0.005 0.005 0.005 0.005 0.005 0.005 0.005 0.005 0.005 0.005 0.005 0.005 0.005 0.005 0.005 0.005 0.005 0.005 0.005 0.004962979 0.0047785371 0.0046551393 0.0048300853 0.0051861071 0.0047344142 0.0045285384 0.0057040203 0.0081690347 0.0080512459 0.0099762292 0.018032263 0.034527875 0.05137849 0.064568618 0.070685865 0.069645225 0.063151632 0.051194228 0.035917685 0.020908215 0.013145321 0.010965571 0.010999849 0.0081460086 0.0062322565 0.0056153357 0.0053816362 0.0044665427 0.0041281324 0.0044287827 0.0049139826 0.005 0.005 0.005 0.005 0.005 0.005 0.005 0.005
0.005 0.005 0.005 0.005 0.005 0.005 0.005 0.005 0.005 0.005 0.005 0.005 0.005 0.005 0.005 0.005 0.005 0.005 0.005 0.005 0.005 0.005 0.005 0.005 0.0049853726 0.0048126872 0.004700104 0.0049160903 0.0052854652 0.0047909882 0.0044083819 0.0054573263 0.0076270937 0.0066868536 0.0064073094 0.012292699 0.025288868 0.039372837 0.048791842 0.048619127 0.04951849 0.046119368 0.036431328 0.021966455 0.012213554 0.008149599 0.0097057494 0.009115716 0.0071111386 0.0056867946 0.0055498555 0.0050376871 0.0044195528 0.0042221399 0.0046747225 0.005 0.005 0.005 0.005 0.005 0.005 0.005 0.005 0.005
0.005 0.005 0.005 0.005 0.005 0.005 0.005 0.005 0.005 0.005 0.005 0.005 0.005 0.005 0.005 0.005 0.005 0.005 0.005 0.005 0.005 0.005 0.005 0.005 0.0049980388 0.0048518821 0.0048209616 0.004953128 0.005271096 0.0048898705 0.004680447 0.0051167929 0.0067158542 0.0061549281 0.0051432538 0.0098210444 0.018916011 0.030399399 0.035022412 0.034033545 0.035538445 0.034291448 0.025556068 0.014722744 0.0088011899 0.006886272 0.0093383119 0.0075494402 0.0065562631 0.0055410794 0.0055166287 0.004806541 0.0045524965 0.0044651698 0.0049269182 0.005 0.005 0.005 0.005 0.005 0.005 0.005 0.005 0.005
0.005 0.005 0.005 0.005 0.005 0.005 0.005 0.005 0.005 0.005 0.005 0.005 0.005 0.005 0.005 0.005 0.005 0.005 0.005 0.005 0.005 0.005 0.005 0.005 0.005 0.004906248 0.0049106604 0.0049442263 0.0051548649 0.0049971588 0.0048878822 0.0047174348 0.0056756759 0.0058659042 0.0060852938 0.0097512074 0.015072865 0.023296659 0.024183044 0.025613481 0.026510879 0.025825613 0.017844209 0.012436487 0.0084326051 0.007219612 0.0074417949 0.0065606371 0.006174634 0.0054984459 0.0051191219 0.0047863943 0.0047491379 0.0047435976 0.005 0.005 0.005 0.005 0.005 0.005 0.005 0.005 0.005 0.005
0.005 0.005 0.005 0.005 0.005 0.005 0.005 0.005 0.005 0.005 0.005 0.005 0.005 0.005 0.005 0.005 0.005 0.005 0.005 0.005 0.005 0.005 0.005 0.005 0.005 0.0049770659 0.0049117972 0.0048761229 0.0049954439 0.0051446889 0.0046764241 0.0041784421 0.0046657763 0.0059891566 0.0081225565 0.010357194 0.012994881 0.017098778 0.019296099 0.020826817 0.020818377 0.019110719 0.015053964 0.011928315 0.0089774268 0.0071532615 0.0059595613 0.0057010171 0.0057040914 0.0052921778 0.0048345952 0.0047818854 0.0048946728 0.0049526294 0.005 0.005 0.005 0.005 0.005 0.005 0.005 0.005 0.005 0.005
