dourado_reproduction/final_result_dourado/pga_475y_smooth.tif
NCOLS 300
NROWS 300
XLLCORNER -79.0017
YLLCORNER -39.5223
DX 0.16333
DY 0.17968
NODATA_VALUE -9999
[rows 150 to 174 of 300, columns 0 to 55 of 300]
0.023935127 0.02400895 0.024083392 0.024159991 0.024240264 0.024325811 0.024419276 0.024517795 0.024620225 0.024728061 0.024842819 0.024966014 0.025099798 0.02523029 0.025343049 0.025458849 0.025597779 0.025779928 0.026030904 0.026324084 0.026549464 0.026770923 0.027054371 0.027465717 0.028075696 0.028941398 0.029977526 0.031138515 0.032359521 0.033574274 0.034714992 0.035688778 0.036728237 0.037827785 0.038870661 0.039745209 0.040339773 0.040505397 0.040286343 0.039688433 0.038863301 0.037977681 0.037198305 0.036739006 0.036615828 0.036607674 0.036743708 0.037065822 0.037615875 0.038436349 0.039552618 0.041244002 0.043376608 0.045659644 0.047803165 0.049515896
0.023968724 0.024046119 0.024123404 0.024202983 0.024288956 0.02438203 0.024480181 0.02458487 0.024693355 0.024807261 0.024929174 0.025061701 0.025202757 0.025341136 0.025454844 0.025570167 0.025713961 0.025926318 0.026195299 0.026485396 0.026678622 0.026852884 0.027094403 0.02751466 0.028142691 0.028947536 0.029922884 0.031010069 0.032152518 0.033204394 0.034097666 0.035034216 0.036046887 0.037161561 0.038224056 0.039059681 0.039462908 0.039689898 0.039558221 0.039047462 0.038314266 0.037561544 0.037143214 0.036927773 0.03690383 0.036988689 0.03720727 0.037612536 0.03825551 0.039105135 0.040199852 0.041927146 0.044135928 0.046491529 0.048522706 0.049837931
0.02399991 0.024080989 0.024161627 0.024249298 0.024342757 0.024437889 0.024542491 0.024653323 0.024767636 0.024889466 0.025021053 0.025158902 0.025309523 0.025456056 0.025571062 0.025698269 0.025885756 0.026116433 0.026385184 0.026672641 0.026841588 0.02699119 0.027289362 0.027745403 0.028318781 0.029064101 0.029986667 0.031017318 0.031960651 0.032779984 0.033689821 0.034577243 0.035557983 0.036684319 0.037645716 0.038225852 0.038725111 0.039042185 0.038997893 0.038547292 0.037958082 0.037636241 0.037407818 0.037262678 0.03734422 0.037527294 0.037837843 0.038353112 0.039031166 0.03984277 0.040942321 0.042701309 0.044992638 0.047105803 0.048675188 0.050139813
0.024031405 0.024116348 0.024206204 0.024299982 0.02439448 0.024495726 0.024606818 0.024723807 0.024845977 0.024976876 0.025113486 0.025260372 0.025421138 0.025575979 0.025704495 0.025879946 0.026086686 0.026320334 0.026589818 0.026874909 0.027031229 0.027267113 0.027612934 0.028034709 0.02855872 0.029243867 0.030111751 0.030960596 0.031722793 0.032576098 0.033442218 0.034277087 0.035222764 0.036235298 0.036932607 0.037599398 0.03818309 0.038567828 0.038611608 0.038279719 0.038097594 0.037917735 0.037747021 0.037716816 0.037903393 0.038186227 0.038622004 0.039178518 0.039835238 0.040671156 0.041777111 0.043561432 0.045605103 0.04728483 0.049000813 0.050549685
0.024065932 0.024158857 0.024253014 0.024347967 0.02444821 0.024556186 0.024673778 0.024797789 0.024928255 0.025064354 0.025210201 0.025367704 0.025538643 0.025703323 0.025879615 0.02607593 0.026289975 0.026527976 0.026798313 0.027081288 0.027316597 0.027613793 0.027947431 0.028337597 0.028815246 0.029439611 0.030181071 0.030902312 0.031697837 0.032507986 0.033312245 0.034093093 0.03496676 0.035721226 0.036486859 0.03720496 0.037822025 0.038272396 0.038405239 0.038406775 0.038329034 0.038220339 0.038170484 0.03825657 0.038547742 0.03895456 0.03944069 0.040010535 0.040713011 0.041586895 0.042701306 0.044360523 0.046006324 0.047809739 0.049581761 0.051168839
0.024106547 0.024203651 0.024301132 0.024401448 0.024507059 0.024620424 0.024743985 0.02487547 0.025013248 0.025159116 0.025314856 0.025482251 0.025663083 0.025854346 0.026049293 0.026254229 0.026476138 0.026722002 0.026998804 0.027304876 0.027594599 0.02788305 0.028199128 0.028571734 0.029029766 0.029601514 0.030264201 0.03098046 0.03173046 0.03249437 0.033252358 0.033984592 0.034722539 0.035510857 0.036300265 0.037039701 0.0376781 0.038164401 0.038450162 0.038564754 0.038585491 0.03858872 0.038650789 0.038848046 0.039244747 0.039720678 0.04025354 0.040881189 0.041641476 0.042572257 0.043711994 0.045160147 0.046877939 0.04871407 0.050516898 0.052134782
0.024148146 0.024249636 0.024351203 0.024455605 0.024565351 0.024686464 0.024816409 0.024956612 0.025103342 0.025258161 0.025422853 0.025600356 0.0257936 0.0259962 0.026200369 0.026414443 0.026645489 0.026901496 0.027193349 0.027507294 0.027789728 0.028068499 0.028374898 0.028738567 0.029206881 0.02977756 0.030418087 0.031105961 0.031827576 0.032563101 0.03326914 0.033958304 0.03470826 0.035521453 0.036335921 0.037100416 0.037748764 0.038213945 0.03857022 0.038772784 0.038882891 0.03897549 0.03913359 0.039500513 0.039989179 0.040531019 0.041122773 0.041809314 0.042628672 0.04364283 0.044843783 0.046340097 0.048112606 0.050003452 0.051860995 0.053477549
0.024184748 0.024290809 0.024395542 0.024505224 0.024627369 0.02475295 0.024889686 0.025038108 0.025192784 0.025356164 0.025532884 0.025724443 0.025929482 0.026143952 0.026357474 0.026579945 0.026825296 0.027102702 0.027403071 0.027726726 0.028009139 0.028277011 0.028585179 0.028986451 0.029464985 0.030027196 0.030660927 0.031339448 0.032038016 0.03269502 0.033354112 0.034057973 0.034816539 0.035659695 0.036505714 0.037237406 0.037814284 0.038359248 0.03878729 0.039051728 0.039222946 0.039436073 0.039828178 0.040252577 0.040828625 0.041450989 0.042102062 0.042858981 0.043802255 0.044892864 0.046135824 0.047686902 0.049550532 0.051514881 0.053265673 0.054596622
0.024219751 0.024330427 0.024441709 0.024565246 0.024689466 0.024819414 0.024964823 0.025121481 0.025284572 0.025460608 0.02565057 0.025853418 0.0260708 0.02629719 0.026520603 0.026760831 0.027028732 0.027314934 0.027625797 0.027959317 0.028242585 0.028524356 0.02888429 0.029301825 0.029775688 0.030330104 0.030956555 0.03161891 0.032240178 0.03287501 0.033559088 0.034264806 0.035030565 0.035895283 0.036679908 0.037341654 0.03800168 0.038612685 0.039112709 0.039438644 0.039736783 0.040173773 0.040602595 0.041100563 0.041769082 0.042474017 0.043211288 0.044117257 0.045147914 0.046284361 0.047581956 0.049185013 0.051116348 0.052927886 0.054400973 0.055708506
0.024256664 0.024373433 0.024498636 0.024622029 0.02474968 0.024888734 0.025042837 0.025207776 0.025383133 0.02557158 0.025772708 0.025987831 0.026217583 0.026455942 0.026696917 0.026960285 0.027238942 0.027536915 0.027859253 0.028202777 0.028499707 0.028844015 0.029227471 0.029648839 0.030119917 0.030666313 0.031283693 0.031882762 0.03250351 0.033166222 0.033852292 0.034559153 0.035330735 0.03613716 0.036857357 0.037589913 0.038307962 0.03898014 0.039552273 0.03998075 0.040482798 0.040949181 0.041451375 0.042056229 0.042818242 0.04361277 0.044515145 0.045521545 0.046617949 0.047823058 0.049176337 0.050828882 0.052628275 0.054174407 0.055633436 0.057129508
0.024298992 0.024426081 0.024550614 0.024678757 0.024814546 0.024961994 0.025124742 0.025300128 0.025487272 0.025687124 0.025900412 0.026127782 0.026369863 0.026622371 0.026886207 0.027162491 0.027454775 0.027766513 0.028101163 0.028454842 0.028809245 0.029181861 0.029575566 0.03000312 0.030477289 0.031015856 0.031600422 0.032213933 0.032856626 0.033524059 0.03421314 0.034921365 0.035670324 0.036421947 0.037197396 0.037976218 0.038739333 0.039467495 0.040113006 0.040700774 0.041243417 0.041800342 0.042414089 0.043127198 0.043983797 0.044923224 0.045939824 0.047031314 0.04821301 0.049500382 0.050913121 0.052531923 0.054090283 0.055684232 0.057339385 0.05905349
0.02434912 0.024480141 0.024610773 0.024745041 0.024886955 0.025040529 0.025211064 0.025397751 0.025596688 0.025808411 0.026033569 0.02627281 0.026527204 0.026796046 0.027074251 0.027365003 0.027671756 0.027997962 0.028347183 0.028721532 0.029098146 0.029483058 0.029889055 0.030328902 0.030815362 0.031363853 0.031959229 0.032584716 0.033238037 0.033916099 0.034615808 0.035332869 0.03608601 0.036880378 0.037697198 0.03851739 0.039321876 0.040090324 0.040807573 0.04147829 0.042120755 0.042777503 0.043491073 0.044304004 0.045272518 0.046325361 0.047436063 0.048621504 0.049897151 0.051278474 0.052774714 0.054405079 0.056117748 0.057893875 0.059731206 0.061627488
0.02439477 0.024531242 0.024666193 0.024804778 0.024954459 0.02512172 0.025298148 0.025495418 0.025705369 0.025928178 0.026164888 0.026418338 0.026689025 0.026973142 0.027265512 0.027570152 0.027891022 0.028234626 0.028601295 0.028994251 0.02938649 0.029783408 0.0302014 0.030659521 0.031175487 0.031742313 0.032360045 0.033002225 0.03367157 0.034363677 0.035069491 0.035822207 0.036612763 0.03745173 0.038314704 0.039179034 0.040001991 0.040767037 0.041560914 0.042314548 0.043038802 0.043777867 0.044608904 0.045595704 0.046671184 0.04783794 0.049045348 0.050325995 0.051702786 0.053191314 0.054596328 0.056416947 0.0582933 0.060226632 0.062230823 0.064404478
0.024436136 0.024578206 0.024717414 0.024867902 0.025033316 0.025199511 0.02538623 0.025593972 0.02581428 0.026048835 0.026300669 0.026570122 0.026856223 0.027155639 0.027462227 0.027781473 0.028122562 0.028483599 0.028865787 0.029279292 0.029688533 0.03009887 0.030543832 0.031038748 0.031567812 0.032158919 0.032800335 0.033464201 0.03414932 0.034849796 0.035602497 0.036395117 0.037222179 0.038105586 0.039009186 0.039872015 0.040684642 0.041507474 0.042389215 0.043223419 0.044023452 0.044908148 0.045929427 0.046993799 0.048191563 0.049476992 0.050788269 0.052186275 0.053680861 0.054983027 0.056520134 0.058541124 0.06058899 0.062710844 0.065078059 0.067447279
0.024477355 0.024625084 0.024778012 0.024942154 0.025104184 0.02527901 0.025476786 0.025695015 0.025926686 0.026175998 0.026443207 0.026727866 0.027029201 0.027343941 0.027665533 0.02800611 0.028363748 0.028739875 0.029143291 0.029577438 0.030003959 0.030446255 0.030930005 0.03144099 0.031995187 0.032611524 0.033276629 0.033960696 0.03466237 0.035416124 0.036212914 0.037039152 0.037902055 0.038823583 0.039718234 0.040571315 0.041432455 0.042344037 0.043314592 0.044231189 0.045179269 0.046243694 0.047342998 0.048529651 0.049853333 0.051259104 0.052698601 0.054212159 0.055534675 0.056923754 0.058712184 0.060942996 0.063195725 0.065710027 0.068253971 0.070815329
0.02452256 0.024681862 0.024845199 0.025005308 0.025175538 0.025362418 0.025571291 0.025800239 0.026046125 0.026310215 0.026592222 0.026891811 0.027208377 0.027538463 0.027880486 0.028236939 0.028611326 0.029009321 0.029434598 0.029889472 0.030344692 0.030827188 0.031332023 0.031872006 0.032456218 0.033097955 0.033786539 0.034495796 0.035255515 0.036053058 0.036882594 0.037741998 0.038640097 0.039558202 0.04044359 0.041346745 0.042295161 0.043298881 0.044359163 0.045399728 0.04651627 0.047668052 0.048897622 0.050224748 0.051676066 0.05320806 0.054754018 0.056120661 0.057583206 0.05928544 0.061338305 0.063788581 0.066405692 0.069084616 0.071883077 0.074944708
0.024576395 0.024742715 0.024907281 0.025076297 0.025255882 0.025452156 0.025671221 0.025912896 0.026173228 0.026451904 0.026748544 0.027062765 0.027394185 0.027741084 0.028100827 0.028477079 0.028873393 0.029293319 0.02974041 0.030216999 0.030709558 0.031220047 0.031757234 0.032329822 0.032946512 0.03361604 0.0343367 0.035098043 0.035896956 0.036730649 0.037596335 0.038491222 0.039409901 0.040337763 0.041289621 0.042276138 0.043307978 0.044395804 0.045546968 0.046733868 0.047963924 0.049255625 0.050626829 0.052095399 0.053679216 0.055300989 0.056864365 0.058477105 0.060234371 0.062231326 0.064563136 0.067272746 0.070152499 0.073227582 0.076532185 0.080100497
0.024633326 0.024806416 0.024977428 0.02515289 0.025338922 0.02554524 0.025775124 0.026030257 0.026304801 0.02659769 0.026908543 0.027237135 0.027584023 0.027949756 0.028330075 0.02872694 0.029143866 0.029584439 0.030056233 0.030558776 0.03108343 0.031625679 0.032194626 0.032798974 0.033451328 0.03417012 0.034933232 0.035735071 0.036574472 0.037448654 0.038353947 0.039272478 0.040243221 0.041244716 0.042270236 0.043330415 0.044435967 0.045614986 0.046869278 0.048191581 0.049556727 0.050983517 0.052489811 0.054103969 0.055772958 0.057639228 0.059450381 0.061310746 0.063315638 0.065573526 0.068307703 0.071425734 0.074778983 0.078323784 0.082098105 0.086136155
0.024682317 0.024862232 0.025037497 0.02521943 0.025424552 0.025643459 0.025879323 0.026147253 0.026435021 0.026741484 0.027067073 0.027411768 0.027775025 0.028160627 0.028559935 0.028975516 0.029414093 0.029884324 0.030375113 0.03090951 0.03146599 0.03203718 0.032637271 0.033287438 0.034003706 0.034772701 0.035580266 0.036426852 0.037310027 0.038219973 0.039136942 0.04006779 0.041111288 0.042181657 0.043273303 0.044411105 0.045631676 0.046895306 0.048277788 0.049734737 0.05122627 0.05278478 0.054465338 0.056126126 0.057869049 0.060014882 0.062049639 0.064117554 0.066482257 0.069342549 0.072327329 0.075963642 0.079803565 0.083794572 0.088068575 0.092817149
0.024727978 0.024914807 0.025098284 0.025304498 0.025517011 0.025736128 0.0259856 0.026266343 0.026567143 0.026888127 0.027228778 0.027588096 0.027970916 0.028376445 0.028794689 0.02923278 0.029701256 0.030187147 0.030705419 0.031273898 0.031862468 0.032466203 0.033118153 0.033833558 0.034603942 0.03541604 0.036267795 0.037159345 0.038076825 0.038995914 0.039915758 0.040915229 0.042032438 0.043172403 0.044345666 0.045603979 0.046900787 0.048275814 0.049798374 0.051391694 0.053018097 0.054767199 0.056461127 0.058088409 0.060139857 0.062575253 0.064849131 0.067356375 0.070346642 0.073396556 0.076865688 0.081032942 0.08537401 0.08990604 0.094962495 0.10038669
0.024775572 0.024970541 0.025179399 0.025387579 0.025599648 0.025832605 0.026095775 0.026389347 0.026703993 0.027038737 0.027393237 0.02777141 0.028174385 0.028599899 0.029039627 0.029506139 0.029988227 0.030500004 0.031054063 0.031656786 0.032278222 0.032935621 0.033653582 0.034423507 0.035237018 0.036091818 0.036987499 0.037915986 0.038840917 0.03976819 0.040754261 0.04183568 0.043027563 0.044245794 0.045538027 0.046867339 0.048271813 0.049794546 0.05145851 0.053190157 0.055007203 0.05673513 0.058421719 0.060369975 0.062752328 0.065487265 0.068181619 0.071305898 0.074503169 0.078033028 0.082096549 0.086806 0.091690633 0.097038679 0.10276584 0.10886833
0.024830361 0.025044051 0.025251202 0.025462667 0.025687777 0.025934824 0.026211668 0.026518364 0.02684539 0.02719445 0.02756749 0.027965181 0.028388122 0.028833762 0.029298082 0.029778862 0.030289532 0.030836466 0.031425894 0.032063019 0.032732018 0.03345533 0.034225007 0.035038446 0.035894363 0.036791713 0.03772894 0.038663588 0.039612521 0.040613361 0.041685916 0.042850023 0.044117554 0.045439956 0.046805485 0.04825538 0.049807711 0.051479016 0.05328567 0.055180719 0.056957447 0.058787583 0.060819295 0.063148591 0.065873411 0.068943728 0.072206232 0.075610702 0.079353847 0.083519663 0.088192192 0.093455183 0.099087247 0.10511059 0.11155299 0.11843384
0.024896902 0.02511608 0.025332311 0.025553894 0.025789122 0.026046287 0.026334953 0.026655663 0.026999503 0.027366653 0.027757784 0.028173566 0.028614681 0.029082193 0.029570784 0.03008318 0.03062561 0.031204306 0.031825496 0.032497176 0.03322053 0.033990249 0.034805017 0.035663546 0.036564553 0.037506959 0.038484245 0.039477995 0.040503845 0.041581603 0.042731075 0.043972069 0.045330918 0.046763915 0.048266277 0.04985454 0.051545239 0.053354911 0.055293731 0.057337595 0.059391183 0.061550336 0.063911063 0.066569376 0.069627863 0.073160129 0.076904481 0.080903659 0.085241586 0.090002183 0.095269372 0.10116777 0.10754086 0.11432601 0.12153647 0.12918539
0.024957402 0.025185265 0.025408166 0.025636388 0.025881161 0.026162048 0.02646239 0.026798911 0.027159655 0.027543867 0.027952134 0.02838635 0.028843609 0.029335926 0.029851962 0.030392346 0.030962764 0.031573858 0.03223736 0.032947404 0.03371503 0.034529693 0.035389448 0.036293352 0.037242169 0.038217327 0.039264104 0.040324844 0.041417303 0.042562216 0.043802881 0.045162126 0.046642045 0.048205053 0.049837145 0.051555146 0.053382462 0.055321083 0.057299202 0.059641207 0.061968065 0.064399148 0.067046561 0.070193503 0.073710983 0.077807244 0.08211224 0.086660098 0.091547055 0.096957611 0.1031187 0.10984083 0.11699252 0.12454275 0.13251783 0.14093419
0.025009758 0.025246641 0.025475061 0.025718931 0.025996179 0.026279921 0.026593277 0.0269454 0.02732207 0.027722974 0.028149946 0.028597694 0.029074282 0.029593511 0.030135287 0.030701503 0.031308747 0.0319653 0.032658227 0.033412054 0.034223666 0.035082259 0.03598765 0.036939272 0.037907859 0.038940914 0.040058843 0.041183332 0.042342529 0.043601954 0.044968934 0.046425182 0.048035518 0.049727291 0.051484658 0.05334843 0.055296741 0.057107837 0.059358322 0.062004931 0.064583463 0.06733342 0.070624531 0.074203233 0.078147716 0.082852236 0.087725479 0.092818592 0.098480828 0.10490467 0.11188615 0.11939628 0.12733417 0.13565686 0.14441285 0.15395836
