dourado_reproduction/final_result_dourado/pga_475y.tif
NCOLS 300
NROWS 300
XLLCORNER -75
YLLCORNER -35
DX 0.14333
DY 0.13667
NODATA_VALUE -9999
[rows 54 to 80 of 300, columns 60 to 119 of 300]
1.2988062 1.4175569 1.5486193 1.6975764 1.873327 2.0692958 2.28159 2.5173776 2.770782 3.0340643 3.4407326 4.2722271 5.2061767 6.0475657 7.1316437 8.2391255 9.0850989 9.6790436 10.314364 10.896889 11.370445 11.841332 12.2346 12.459376 12.534523 12.588791 12.634593 12.675373 12.704447 12.726532 12.747442 12.765825 12.775243 12.78145 12.786627 12.785005 12.780625 12.778301 12.779191 12.780965 12.780595 12.777445 12.774748 12.767487 12.751092 12.729157 12.708319 12.678014 12.631978 12.574792 12.505029 12.420892 12.258422 11.940823 11.547857 11.039144 10.27759 9.4330231 8.6675606 7.828493
1.2994374 1.4195735 1.5506602 1.6997794 1.8751146 2.0732917 2.2884536 2.5188867 2.771216 3.0354207 3.4351289 4.236926 5.2863398 6.2948188 7.1670072 8.2235369 9.0893951 9.6810246 10.306309 10.926333 11.449402 11.850014 12.228049 12.459136 12.534794 12.589794 12.633105 12.670728 12.704106 12.726885 12.747244 12.76569 12.775564 12.779587 12.782458 12.784733 12.78107 12.778495 12.779464 12.781256 12.782249 12.779793 12.773935 12.76728 12.752535 12.73177 12.711703 12.687287 12.649742 12.595054 12.527858 12.446378 12.29011 11.985265 11.576422 11.116424 10.542109 9.747196 9.0024678 8.2047165
1.2949713 1.4189848 1.550495 1.6997763 1.8746391 2.0722306 2.2895355 2.5222543 2.7692104 3.0337686 3.4265168 4.1948852 5.2155313 6.3517317 7.3766674 8.2233676 9.0909726 9.6802869 10.293995 10.904725 11.469069 11.914506 12.224516 12.457029 12.533199 12.589058 12.633027 12.667925 12.698508 12.725577 12.74566 12.764167 12.77463 12.779094 12.779723 12.780117 12.780315 12.77768 12.778727 12.780469 12.781618 12.780779 12.775597 12.766395 12.753162 12.733567 12.713952 12.690654 12.659543 12.613303 12.548561 12.469729 12.319664 12.030377 11.637789 11.169292 10.659886 10.037719 9.3167956 8.5603606
1.2913531 1.413943 1.5479231 1.6973665 1.8717033 2.068371 2.2849481 2.5190353 2.767601 3.0290433 3.4148314 4.1518072 5.1328472 6.242308 7.3646171 8.3441309 9.0900056 9.6770046 10.279856 10.877287 11.432804 11.909932 12.258538 12.452989 12.529669 12.586338 12.631273 12.666815 12.695305 12.720044 12.742483 12.761051 12.772101 12.777348 12.778492 12.777227 12.776036 12.775568 12.776693 12.778468 12.779699 12.779108 12.775411 12.766844 12.753062 12.734636 12.715653 12.692934 12.663028 12.622481 12.566049 12.489784 12.345921 12.075072 11.707032 11.26041 10.75372 10.21264 9.5922253 8.8771066
1.2867865 1.408971 1.5425986 1.6922241 1.8659895 2.0620638 2.2780476 2.5115414 2.7601458 3.0214612 3.401738 4.1254836 5.0932225 6.1893822 7.2983902 8.3046742 9.0926615 9.6719796 10.269925 10.862434 11.41303 11.885236 12.242576 12.448572 12.524099 12.581182 12.626533 12.66249 12.691396 12.715589 12.737412 12.756175 12.767626 12.773279 12.774828 12.773969 12.772397 12.771805 12.773206 12.775362 12.776977 12.776769 12.773456 12.765755 12.752383 12.735305 12.717823 12.69661 12.668209 12.629168 12.576031 12.505344 12.3737 12.127286 11.783776 11.361686 10.879527 10.355815 9.8090628 9.1171816
1.2811301 1.4028335 1.5359042 1.6852549 1.8577166 2.0534835 2.269172 2.5023706 2.7506796 3.0116493 3.4189604 4.0693491 5.0483212 6.156416 7.2773592 8.2955783 9.0935685 9.6755438 10.251153 10.846543 11.400149 11.875366 12.235716 12.44447 12.518668 12.579987 12.624844 12.660295 12.688693 12.71238 12.733878 12.751586 12.766461 12.771823 12.773077 12.771922 12.770054 12.769344 12.769708 12.773009 12.77512 12.775408 12.772591 12.765386 12.752711 12.737502 12.721465 12.702388 12.676124 12.639218 12.588217 12.51977 12.407862 12.202767 11.881471 11.481593 11.021648 10.520148 9.9990003 9.2774661
1.2755793 1.3961656 1.5281361 1.67677 1.8497361 2.0429918 2.2581137 2.4912708 2.7395133 3.000136 3.4241215 4.1666434 4.9748631 6.0765528 7.2333881 8.2861797 9.1015503 9.687372 10.276206 10.821423 11.3736 11.859236 12.229717 12.444289 12.517621 12.573888 12.628486 12.664253 12.690795 12.712738 12.733651 12.750323 12.761781 12.774914 12.776441 12.77392 12.770793 12.76981 12.769844 12.770145 12.774396 12.775373 12.772947 12.766224 12.754554 12.741119 12.727584 12.709262 12.685146 12.650669 12.602131 12.536219 12.421827 12.249763 11.994625 11.619727 11.177048 10.6945 10.202021 9.4356467
1.2687506 1.3878873 1.5187288 1.666366 1.8396139 2.0329138 2.2451536 2.4774722 2.7256992 2.9859701 3.4014727 4.2579366 5.1452219 6.0498388 7.1820764 8.2772733 9.1100884 9.6926834 10.309791 10.865555 11.360478 11.840086 12.223442 12.443895 12.518589 12.567314 12.618161 12.66531 12.693157 12.712971 12.733302 12.750981 12.756145 12.767039 12.777688 12.776202 12.771532 12.77028 12.771207 12.768473 12.77042 12.774051 12.77262 12.766478 12.755826 12.74362 12.73322 12.717459 12.694031 12.661712 12.615812 12.552442 12.442371 12.2571 12.044993 11.746939 11.334572 10.871279 10.407564 9.6900691
1.258668 1.3774386 1.507151 1.6537914 1.825691 2.0196878 2.2313554 2.4607658 2.7082886 2.9682076 3.3752274 4.2120435 5.2788628 6.2373166 7.1768937 8.2625286 9.1127882 9.6921565 10.304086 10.90566 11.405895 11.830633 12.212793 12.439127 12.515183 12.565563 12.605112 12.650309 12.689282 12.709639 12.729388 12.748073 12.754503 12.756223 12.766117 12.773546 12.76934 12.76782 12.769639 12.767923 12.765563 12.767696 12.769149 12.76406 12.754424 12.743448 12.734451 12.722732 12.701887 12.670521 12.627013 12.566183 12.460434 12.280172 12.052677 11.807555 11.473909 11.03992 10.60497 9.9363542
1.2426636 1.3641832 1.4928713 1.6385149 1.8088734 2.0014643 2.2133813 2.4416284 2.6863927 2.9459052 3.3444421 4.1443743 5.2119453 6.359041 7.3255478 8.2386449 9.1032552 9.6793969 10.281379 10.884501 11.435325 11.859572 12.194201 12.425827 12.503244 12.556742 12.596613 12.630248 12.669112 12.699226 12.718465 12.738156 12.747171 12.749032 12.749559 12.757716 12.761252 12.759492 12.762204 12.76228 12.760439 12.758376 12.75913 12.756865 12.748249 12.738502 12.730557 12.72075 12.704381 12.675619 12.633478 12.57519 12.473763 12.302655 12.079592 11.822904 11.551661 11.189765 10.783579 10.163842
1.2249966 1.3457234 1.4753585 1.6200054 1.7887814 1.9792157 2.1893306 2.4172617 2.6603013 2.918119 3.3081731 4.0714738 5.0865366 6.2318086 7.3810916 8.2932746 9.0750949 9.6480099 10.240367 10.831868 11.385229 11.861089 12.189242 12.399834 12.478612 12.53523 12.579309 12.613679 12.641543 12.673333 12.697089 12.717787 12.729385 12.734652 12.735678 12.734917 12.740587 12.742362 12.745967 12.747856 12.748349 12.747136 12.744088 12.741896 12.735198 12.726681 12.71984 12.711215 12.696932 12.672913 12.633402 12.577208 12.480102 12.318623 12.108796 11.859994 11.581994 11.291528 10.932732 10.361874
1.2075855 1.3251497 1.453983 1.5976565 1.7643774 1.9526076 2.1605185 2.3862813 2.6280673 2.8839512 3.2654745 4.0023517 4.989675 6.1072076 7.2347125 8.251953 9.0240768 9.5920457 10.180187 10.767703 11.317079 11.790801 12.151353 12.357297 12.437172 12.496464 12.543329 12.580485 12.610648 12.636537 12.661797 12.683557 12.697351 12.704892 12.708191 12.709262 12.710116 12.713492 12.718053 12.721744 12.7241 12.724752 12.723329 12.719459 12.71317 12.705971 12.700756 12.693796 12.681178 12.658989 12.623316 12.569981 12.478231 12.329163 12.132277 11.896416 11.63042 11.343129 11.041768 10.514137
1.186963 1.3025639 1.4291785 1.5718227 1.7361652 1.9220302 2.1275757 2.3509732 2.5903939 2.8437266 3.2006822 3.9133908 4.8997054 6.0162293 7.1427256 8.1589574 8.9450472 9.499347 10.084039 10.6763 11.230422 11.708889 12.074186 12.289205 12.372842 12.433549 12.482166 12.521074 12.552989 12.580629 12.606872 12.631958 12.647088 12.655996 12.660663 12.663101 12.665323 12.669468 12.676525 12.681626 12.685511 12.687691 12.687795 12.685453 12.680382 12.675822 12.672492 12.667723 12.657297 12.6373 12.603818 12.552916 12.477891 12.342167 12.157 11.932858 11.678579 11.403006 11.115156 10.632158
1.165389 1.2784373 1.4018393 1.5427585 1.7081518 1.8905973 2.093067 2.3133975 2.5496482 2.7972416 3.190916 3.8146448 4.6968615 5.8337463 6.9882189 8.032484 8.8404313 9.4104533 9.9467339 10.505797 11.073727 11.56862 11.950461 12.181289 12.277292 12.342365 12.3913 12.432512 12.466835 12.496944 12.526542 12.55778 12.578573 12.588865 12.595059 12.599033 12.602841 12.609316 12.621312 12.629822 12.634682 12.638652 12.640579 12.640095 12.637276 12.639311 12.638491 12.634006 12.626305 12.609118 12.578433 12.529968 12.458755 12.361535 12.199172 11.983628 11.73752 11.470223 11.193011 10.600195
1.1421246 1.2519342 1.371873 1.5087908 1.6763433 1.857389 2.0547007 2.2709061 2.5024823 2.7436389 3.1226347 3.8825963 4.6407343 5.6193996 6.7890254 7.8818171 8.7141402 9.2884838 9.862544 10.363037 10.877841 11.38578 11.793081 12.04104 12.14727 12.226919 12.27906 12.320253 12.357212 12.390723 12.423927 12.458585 12.490013 12.505989 12.513917 12.519687 12.525552 12.534504 12.549004 12.566235 12.574283 12.579079 12.582959 12.584738 12.584265 12.588241 12.600619 12.597409 12.588691 12.574216 12.546651 12.500632 12.431724 12.339462 12.220919 12.036 11.79843 11.537596 11.270996 10.703204
1.1163241 1.2229876 1.3394631 1.4723795 1.6357803 1.8197019 2.0130646 2.2219871 2.447996 2.6827158 3.0470331 3.8039704 4.7368167 5.5742427 6.592419 7.7083815 8.5650805 9.1437456 9.7257598 10.273574 10.727188 11.185969 11.610274 11.875364 11.991822 12.081404 12.147414 12.191278 12.229109 12.265914 12.302723 12.340798 12.376834 12.405306 12.419023 12.427112 12.435174 12.446604 12.463597 12.484473 12.502676 12.510645 12.515734 12.519744 12.521616 12.52748 12.543956 12.55595 12.547845 12.532353 12.507542 12.463969 12.397379 12.307872 12.19668 12.057163 11.850325 11.597916 11.341927 10.803942
1.0874211 1.1917806 1.3047931 1.4337081 1.5914199 1.7716989 1.9662925 2.1687087 2.3859867 2.6142698 2.9639086 3.6804601 4.6424115 5.6482373 6.510462 7.5110834 8.3921584 8.975145 9.5560678 10.120923 10.622439 11.018116 11.408946 11.691168 11.817853 11.915817 11.991576 12.04715 12.087371 12.126213 12.166627 12.20812 12.246804 12.281719 12.30848 12.322497 12.333278 12.347187 12.366672 12.389405 12.412833 12.431374 12.439649 12.445378 12.449596 12.457347 12.474437 12.493181 12.500571 12.485066 12.460167 12.41904 12.354769 12.268358 12.160955 12.031519 11.87139 11.644002 11.398624 10.890445
1.0569253 1.1581804 1.2680465 1.39296 1.5449745 1.7180102 1.907699 2.1096412 2.3178514 2.5380983 2.8730586 3.5491914 4.4558968 5.4893297 6.5122262 7.3446839 8.1942803 8.7815884 9.3614333 9.923826 10.44438 10.888086 11.214754 11.495357 11.63227 11.738585 11.82113 11.884675 11.934497 11.975689 12.019337 12.064247 12.105574 12.14308 12.176782 12.204354 12.221231 12.237824 12.259802 12.284378 12.309655 12.333844 12.353068 12.362035 12.368472 12.378111 12.395761 12.41496 12.429553 12.429744 12.40434 12.364908 12.302955 12.219695 12.116463 11.992338 11.845085 11.664721 11.433905 10.955531
1.0279418 1.1233544 1.2294067 1.3503113 1.4955977 1.6609392 1.8429338 2.0381796 2.2432744 2.4539987 2.7742355 3.4107744 4.2723588 5.2606706 6.2773919 7.2241515 7.9703524 8.5620011 9.1431783 9.7069795 10.228942 10.684605 11.049462 11.294839 11.441942 11.555121 11.643584 11.713047 11.769224 11.817829 11.864548 11.912887 11.957476 11.998326 12.035372 12.068546 12.097749 12.120085 12.144568 12.171536 12.199273 12.225924 12.249631 12.268499 12.278511 12.290053 12.309008 12.329519 12.34543 12.350586 12.338735 12.300632 12.241077 12.162347 12.06417 11.945103 11.8037 11.638488 11.440586 10.991727
0.99453853 1.087148 1.1892238 1.3036471 1.441252 1.5989121 1.7732253 1.9607897 2.1582031 2.3620598 2.6318675 3.2437925 4.0807629 5.0444609 6.0365682 6.9587669 7.7126615 8.2732305 8.8639052 9.4372038 9.9686642 10.433824 10.808222 11.067336 11.207359 11.327991 11.423907 11.500823 11.564453 11.620513 11.674716 11.718806 11.76978 11.817017 11.860448 11.900007 11.935626 11.967284 11.9911 12.023026 12.055723 12.087332 12.115998 12.139863 12.157224 12.171328 12.194265 12.218758 12.238652 12.24779 12.240016 12.209507 12.15844 12.086198 11.99451 11.88193 11.747016 11.588322 11.404917 10.990464
0.96163587 1.0507416 1.1487963 1.2574952 1.37942 1.5276737 1.6949146 1.8754066 2.0657477 2.2608967 2.4690573 2.7644548 3.5372369 4.513874 5.5189206 6.454054 7.1989457 7.7359139 8.0887609 8.6373975 9.2139775 9.7242574 10.143767 10.433073 10.655791 10.620105 10.699551 10.813077 10.913318 11.005989 11.088969 11.226792 11.139155 11.175547 11.252581 11.325742 11.394974 11.455215 11.574545 11.505324 11.533141 11.5916 11.647115 11.69787 11.74191 11.845222 11.807426 11.832468 11.872488 11.901751 11.914201 11.909402 11.935712 11.855807 11.771825 11.673793 11.553425 11.409443 11.251047 10.846642
0.9299326 1.0146813 1.1080852 1.2119728 1.3281752 1.4555922 1.6096753 1.7832432 1.9665976 2.1520824 2.3480708 2.5774045 2.8900749 3.6960807 4.7366573 5.7148764 6.4480943 6.9287823 7.376771 7.5487233 8.0045464 8.5863393 9.0847536 9.4068491 9.622171 9.8531814 9.6574466 9.6810721 9.8425405 10.002397 10.119275 10.262507 10.439409 10.230043 10.233485 10.364308 10.495934 10.590487 10.72228 10.895511 10.740566 10.74941 10.852325 10.954508 11.031477 11.155124 11.320004 11.232361 11.246832 11.312187 11.364979 11.392669 11.447223 11.51694 11.409027 11.312816 11.215697 11.099613 10.972427 10.593849
0.8979476 0.97817978 1.0669326 1.1659927 1.2773781 1.3976666 1.5291078 1.6874381 1.8628806 2.0387012 2.2222307 2.4439487 2.6747014 3.0026718 3.83562 4.8426499 5.5641939 5.9844253 6.4373812 6.7259223 6.7910228 7.2231794 7.7913417 8.1462269 8.3446487 8.6630475 8.75257 8.4874845 8.5400469 8.7626331 8.9134091 9.0496683 9.326484 9.3897236 9.1369057 9.1793667 9.3711517 9.5000172 9.6299923 9.9021675 9.9904373 9.8109097 9.8561732 10.009821 10.119719 10.249514 10.505598 10.618522 10.520534 10.559396 10.654338 10.714517 10.786379 10.931247 10.97302 10.858044 10.768204 10.682643 10.586667 10.252622
0.86422318 0.94107903 1.0251808 1.1194133 1.2253171 1.340432 1.4628869 1.5968858 1.7576808 1.9238373 2.0949078 2.3008419 2.5282182 2.753334 3.0946748 3.9414612 4.6513313 5.0111061 5.383504 5.7443848 5.9189411 5.9513484 6.4210938 6.8087687 6.9902903 7.2546622 7.5193674 7.5195343 7.2757803 7.4344733 7.6191469 7.7484335 7.9825184 8.2244716 8.2201992 8.0021337 8.1475434 8.3107209 8.4388786 8.6777917 8.9302319 8.9705126 8.827426 8.9576035 9.1004305 9.2363722 9.4748894 9.7281197 9.8127937 9.7438328 9.8374872 9.9301551 10.019326 10.168116 10.315958 10.342818 10.24162 10.176145 10.111379 9.8218666
0.82752574 0.90294232 0.98267201 1.0720769 1.1724806 1.2814842 1.3976693 1.5207538 1.6558453 1.8105748 1.9691864 2.1590599 2.3693743 2.5901182 2.8056886 3.1585134 3.8135932 4.1129114 4.4011567 4.6881708 4.9599621 5.091401 5.1653892 5.5520365 5.716658 5.9195813 6.1305799 6.3206044 6.3196523 6.1878951 6.3842639 6.5065778 6.6889173 6.8869748 7.0686071 7.0732985 6.9681173 7.1495145 7.275855 7.4716617 7.688828 7.8944846 7.9469243 7.9011878 8.0674033 8.2094923 8.4210735 8.6553387 8.8792128 8.9748393 8.9741484 9.094793 9.2012716 9.3469997 9.499102 9.6321386 9.6652007 9.5985173 9.5641742 9.3191944
0.78953997 0.86239534 0.93924831 1.0238256 1.1183503 1.2205879 1.3299666 1.4459677 1.5681847 1.7019981 1.8481507 2.0214515 2.2130033 2.4157116 2.6225628 2.8241513 3.1550662 3.3939278 3.6055434 3.817332 4.0257122 4.2267623 4.3788754 4.5335927 4.681314 4.8263877 4.967641 5.1055438 5.240646 5.3185018 5.3565354 5.4718767 5.6038038 5.7371031 5.8717727 6.0079585 6.0914846 6.1433144 6.2678376 6.4200479 6.5790997 6.7432579 6.9109235 7.0308596 7.1144312 7.2626674 7.4463373 7.6410225 7.8393533 8.0340384 8.1766777 8.2636399 8.3874265 8.5299844 8.6725065 8.8057074 8.9203253 8.9790334 8.9626639 8.7622166
0.75110322 0.82066754 0.89454109 0.9738356 1.0611188 1.1560619 1.2581462 1.3668528 1.481663 1.602058 1.7337782 1.8897109 2.0638138 2.2490733 2.4384755 2.6250069 2.8016535 2.9689458 3.1398728 3.3113133 3.4793454 3.6400474 3.7894976 3.9237743 4.0440071 4.1594644 4.271021 4.3792269 4.4846325 4.5877876 4.6892425 4.7901163 4.8920221 4.9951526 5.0996535 5.2056704 5.3133492 5.4228355 5.5366555 5.6586562 5.7873621 5.9211742 6.058494 6.1977224 6.3372609 6.4843061 6.6493055 6.8252416 7.0048232 7.1807591 7.3457583 7.4925295 7.6303023 7.7769714 7.923581 8.0608694 8.1795748 8.2704357 8.3241902 8.1823697
