dourado_reproduction/final_result_dourado/pga_475y_smooth.tif
NCOLS 300
NROWS 300
XLLCORNER -79.0017
YLLCORNER -39.5223
DX 0.16333
DY 0.17968
NODATA_VALUE -9999
[rows 225 to 249 of 300, columns 224 to 279 of 300]
0.18200827 0.16158383 0.14458245 0.13182601 0.11490496 0.10550492 0.10314722 0.10334363 0.10653211 0.11798785 0.12806666 0.12330907 0.11400215 0.10356458 0.092922461 0.082723262 0.075908518 0.071259614 0.068758591 0.067758111 0.066500878 0.061880131 0.053699131 0.047661859 0.044048015 0.048480585 0.063697698 0.081905377 0.097310074 0.10862199 0.11772731 0.12025955 0.13674826 0.16970174 0.20147559 0.22422219 0.23548939 0.23587926 0.21538585 0.18084748 0.14214916 0.11126404 0.10065113 0.099974305 0.10063625 0.098130755 0.092912451 0.087643529 0.084939199 0.088432462 0.11075867 0.13834954 0.15711741 0.16014535 0.15578499 0.14611695
0.14159335 0.12662579 0.11232887 0.097510442 0.087595603 0.084233441 0.08296159 0.082815803 0.084485561 0.0921735 0.092530549 0.086866953 0.079812176 0.072591012 0.065662286 0.058969081 0.055273333 0.054415223 0.055453762 0.057115403 0.058438511 0.058035222 0.053675742 0.050099424 0.05250614 0.065910483 0.083720832 0.10262684 0.12020011 0.1337869 0.14227488 0.15754035 0.19049954 0.22509617 0.254924 0.27645994 0.28630236 0.27770496 0.24902798 0.21120282 0.17049432 0.13331782 0.11109632 0.10585771 0.10028006 0.091770333 0.083043512 0.075974046 0.071285321 0.069809529 0.082895186 0.098303009 0.10065902 0.09767532 0.094199002 0.089224463
0.1085727 0.097682123 0.085279293 0.076223356 0.07128859 0.069255676 0.069133808 0.069932185 0.070660001 0.071300489 0.068963041 0.065279805 0.060848519 0.056260295 0.052106244 0.048969857 0.047721715 0.048875698 0.051390077 0.054415388 0.057102165 0.058600945 0.057966686 0.058285709 0.066994766 0.08120723 0.098719318 0.11732725 0.13482723 0.1490066 0.16577966 0.19393067 0.22697035 0.26004192 0.28828858 0.30685351 0.31156975 0.29675039 0.26700802 0.22835237 0.18680442 0.14838517 0.11911562 0.10513181 0.093817225 0.082751829 0.072691332 0.064323924 0.058337794 0.055421132 0.057364785 0.056402346 0.054174031 0.05108973 0.047531325 0.043880696
0.083178842 0.075148127 0.064885388 0.057795379 0.054634041 0.054374554 0.056026115 0.058597919 0.059897403 0.066260883 0.067149115 0.065762147 0.063627128 0.061335171 0.059415589 0.055715758 0.063207346 0.066286021 0.06987403 0.073972971 0.077733378 0.079722874 0.069310142 0.06618431 0.074276655 0.087953142 0.10492925 0.1230012 0.1397064 0.15009705 0.16272656 0.18993387 0.22213768 0.25437337 0.28178414 0.30009043 0.30235906 0.28556402 0.25500287 0.21552885 0.17316254 0.13392493 0.10841365 0.096709151 0.083904209 0.071871509 0.060843707 0.051508995 0.044555561 0.04315131 0.042205348 0.040014426 0.037038625 0.033206838 0.028900946 0.024518101
0.073473005 0.063438654 0.057021427 0.051168923 0.049518649 0.050976323 0.053714341 0.054551357 0.062686272 0.078509047 0.086950956 0.089697231 0.090309296 0.088708569 0.080798894 0.089802036 0.10816269 0.11982431 0.1269391 0.13283682 0.13258037 0.11483582 0.087880782 0.075981543 0.081011294 0.093512708 0.10957764 0.12513766 0.13537221 0.13831667 0.14143455 0.16021259 0.19027583 0.22141923 0.24908998 0.26673616 0.26223861 0.243805 0.21134132 0.17019903 0.12786971 0.10055949 0.092932581 0.079343125 0.065728644 0.053070566 0.041736568 0.033066448 0.031778584 0.034648082 0.031638903 0.026251077 0.021413603 0.016416556 0.011700829 0.009850598
0.069389033 0.063898863 0.059635046 0.054732985 0.053413381 0.055389497 0.055881609 0.060341203 0.079397158 0.099896729 0.11404728 0.12100373 0.12306743 0.11681898 0.11933118 0.14300656 0.16643962 0.18306864 0.19314471 0.19603627 0.17902983 0.14599757 0.110553 0.088562601 0.087868953 0.097276615 0.10970529 0.11804162 0.11949267 0.11759731 0.11641606 0.12462232 0.14960813 0.17848036 0.20332037 0.20938779 0.20228613 0.18609953 0.15637224 0.11648393 0.086092839 0.079737607 0.070228014 0.057927281 0.046426866 0.035519062 0.025972105 0.023587639 0.029295334 0.029711124 0.025873436 0.018848073 0.011920489 0.005892291 0.0026591648 0.0053232442
0.076819738 0.073671317 0.070353413 0.066244232 0.063950579 0.06392346 0.065222175 0.080827174 0.102972 0.12463627 0.14174071 0.15116837 0.1516317 0.15291404 0.17518099 0.20270119 0.22606378 0.24292626 0.25183994 0.24353814 0.21265836 0.17384731 0.13416352 0.10361194 0.093491795 0.097735657 0.10235596 0.10089095 0.096127047 0.091886231 0.08908341 0.089795822 0.10829305 0.13136091 0.14116381 0.13911384 0.13360304 0.12278421 0.10107957 0.070265963 0.061237106 0.055093179 0.045820916 0.03772786 0.030974685 0.02482307 0.021005976 0.027529322 0.031222612 0.030522228 0.02686283 0.020066535 0.011675691 0.0054805772 0.0049216842 0.010868936
0.092416597 0.08979629 0.086776261 0.082803086 0.078887539 0.077535567 0.089060628 0.10677663 0.12703709 0.14696195 0.1636677 0.17356782 0.179306 0.20262929 0.22951122 0.25498048 0.27499805 0.28700259 0.28965627 0.26918772 0.23552228 0.19519212 0.15409567 0.11813946 0.096408696 0.092667041 0.086499989 0.078158849 0.071011166 0.065589332 0.062381652 0.060895989 0.07080626 0.076474982 0.074603002 0.071973066 0.068755259 0.064998398 0.055377105 0.042850589 0.037840904 0.031549277 0.026881189 0.024376723 0.024483725 0.025945186 0.031635383 0.037701002 0.040120302 0.039745988 0.036751045 0.031231815 0.022960091 0.017616472 0.019114681 0.024532045
0.11083343 0.10874021 0.10624726 0.10269287 0.096255411 0.09804241 0.10813408 0.12365028 0.14171095 0.15943601 0.17394542 0.18327067 0.19975989 0.22291453 0.24869553 0.27306387 0.29198051 0.30140641 0.2968443 0.27482606 0.24022839 0.19895786 0.15692102 0.12002443 0.094174664 0.082402276 0.072009058 0.062357531 0.053939773 0.047247864 0.042773886 0.041010094 0.04163776 0.041421117 0.040291548 0.038411581 0.035943744 0.033050564 0.02989685 0.027525753 0.025740226 0.025038154 0.02595962 0.029044708 0.034833503 0.043827909 0.054754023 0.060779982 0.063839343 0.064105089 0.061750206 0.056947678 0.048288316 0.042479903 0.04163754 0.044321896
0.18371458 0.18375051 0.17990855 0.1533453 0.11672443 0.11279684 0.12029609 0.13349514 0.14923865 0.16397579 0.17189039 0.17285929 0.18113443 0.20253834 0.22726925 0.25058748 0.26946262 0.28075409 0.27225069 0.24828129 0.21224273 0.16961973 0.12623044 0.092750193 0.081600582 0.071129282 0.060148896 0.049638281 0.040352706 0.032795292 0.028453247 0.028451606 0.028881452 0.028998203 0.028239768 0.026732451 0.024639096 0.022268034 0.021494215 0.025758914 0.030411129 0.035268804 0.041736185 0.050329824 0.06034672 0.099962524 0.14872246 0.1659928 0.17099036 0.17315809 0.17171037 0.1478247 0.099090667 0.085469643 0.083084769 0.082854123
0.29803979 0.29304387 0.26050705 0.20155747 0.14480219 0.12760012 0.13001374 0.14019441 0.15134159 0.15714238 0.15565858 0.15160819 0.15061184 0.16476331 0.18722255 0.21028458 0.23083833 0.23443933 0.22415088 0.2013913 0.1648213 0.12117334 0.085817766 0.074055904 0.066181026 0.05685407 0.047009403 0.036866029 0.027620652 0.021847173 0.021331074 0.021341037 0.021384978 0.021735935 0.021276783 0.020101136 0.018564862 0.017681246 0.021202787 0.029671082 0.041228464 0.052105289 0.063704913 0.075775374 0.10425813 0.19596073 0.27758357 0.31874211 0.33455744 0.33634551 0.31037551 0.24550976 0.17292521 0.13689663 0.13421724 0.13192661
0.40744318 0.38287893 0.32269857 0.24678905 0.17726567 0.14151538 0.136821 0.14115903 0.14264029 0.13770443 0.12998235 0.12317689 0.11753181 0.12386668 0.14269338 0.16410653 0.17436308 0.17173058 0.16301594 0.14520151 0.11336898 0.076423218 0.061751288 0.056244969 0.049088869 0.042114948 0.034955646 0.026974148 0.02014472 0.019133906 0.019672567 0.019623891 0.019513561 0.019850017 0.019728939 0.018987523 0.018357517 0.020661019 0.027067338 0.038066891 0.054217458 0.070500852 0.086253337 0.10808734 0.19214588 0.31046366 0.41104727 0.47046997 0.49329736 0.48454399 0.42689746 0.34547925 0.25901146 0.19736914 0.18299785 0.17634476
0.48740381 0.44046714 0.36863649 0.28747369 0.21001801 0.15559036 0.13914642 0.13364525 0.12300825 0.11050002 0.099900044 0.09210413 0.086035766 0.085620604 0.099284779 0.10856844 0.10723111 0.10370254 0.099224945 0.089114697 0.067248423 0.047771012 0.04330141 0.03775921 0.033111757 0.029580107 0.026316475 0.02228004 0.020755469 0.022237697 0.02302277 0.023310869 0.02330912 0.023489459 0.023736162 0.023589943 0.025063771 0.029415042 0.037141648 0.049275049 0.067077317 0.087947204 0.10848507 0.18241667 0.30097662 0.42249334 0.52699216 0.59591625 0.61931208 0.5910219 0.52357359 0.43831248 0.34643808 0.26443028 0.22274136 0.20861468
0.52206231 0.46868337 0.39473188 0.31217529 0.23298101 0.1691165 0.13538069 0.11697454 0.099584996 0.084975222 0.07319856 0.064308353 0.058357948 0.055528283 0.056179735 0.054249463 0.052316209 0.050100264 0.047321916 0.043701456 0.035805955 0.030569401 0.026650598 0.024068846 0.022757571 0.022650199 0.023680155 0.025170073 0.027926847 0.029928731 0.031265044 0.032105792 0.032620983 0.032980622 0.033442222 0.034425788 0.036706322 0.041211708 0.049016859 0.061196688 0.078826109 0.10206327 0.16206089 0.26274627 0.38135921 0.50036513 0.60222945 0.66941758 0.68651965 0.65319466 0.58699147 0.50056331 0.40725361 0.32040582 0.25339026 0.22169193
0.51033744 0.4554028 0.37989561 0.29578332 0.21503334 0.15094707 0.12483092 0.10399741 0.08561596 0.070014278 0.057245707 0.047363593 0.040510409 0.037266828 0.035613903 0.034281179 0.032945473 0.031327076 0.029146277 0.026113428 0.023081077 0.021365146 0.020841358 0.021654621 0.02373836 0.027026003 0.031273378 0.040606166 0.046998331 0.04979468 0.051925457 0.05356067 0.054870326 0.054846909 0.050201198 0.051574302 0.052981624 0.056613798 0.063545737 0.074852354 0.091089687 0.1089912 0.16653381 0.26592873 0.38325123 0.5009667 0.60154056 0.66703761 0.67612304 0.64054337 0.57336838 0.48596842 0.39168693 0.30386734 0.24148547 0.21457592
0.44848647 0.39130813 0.31254724 0.22588238 0.15609785 0.12911678 0.10924827 0.089591908 0.071480386 0.055683493 0.0427272 0.033461551 0.028679843 0.025600937 0.024237912 0.02352248 0.022848035 0.021889544 0.020291799 0.018348728 0.019479624 0.021370479 0.024150642 0.028069383 0.033162613 0.038369257 0.046510788 0.073585078 0.092240727 0.10070728 0.10455962 0.10714351 0.10341864 0.088751427 0.077381484 0.07925904 0.081322961 0.083815985 0.089287771 0.096843305 0.10374292 0.10878085 0.13510342 0.21958499 0.33454298 0.45043356 0.54567384 0.59592809 0.59226001 0.55063856 0.47897383 0.38914396 0.29462028 0.22835449 0.21138672 0.18808805
0.3564825 0.30509893 0.22714478 0.15502368 0.12522369 0.10858448 0.090616358 0.073490243 0.057316356 0.042712956 0.031640765 0.025759421 0.022090313 0.019373131 0.018211878 0.018181418 0.018263784 0.017997248 0.017176445 0.018876813 0.022846451 0.027309095 0.032532074 0.038933652 0.045376298 0.051804988 0.078419129 0.11610294 0.14400547 0.15871526 0.16529135 0.16367782 0.14756954 0.12816029 0.11207271 0.10834657 0.11113022 0.11251512 0.11418709 0.11429065 0.10937885 0.10489856 0.11160695 0.16573386 0.26847444 0.37231638 0.44511686 0.4686964 0.4597873 0.42359058 0.35545826 0.2673033 0.19521324 0.17787028 0.16647661 0.14744788
0.2519189 0.21428377 0.14962262 0.11507327 0.10109006 0.085814182 0.071196425 0.057681814 0.044983841 0.033385066 0.026758845 0.023213061 0.020511065 0.018582297 0.017801765 0.018409313 0.019304441 0.019754383 0.021836417 0.026089492 0.03135014 0.037221235 0.043812582 0.051419953 0.057712493 0.08044712 0.11977528 0.16051704 0.19303901 0.2116881 0.21823138 0.20844006 0.18934679 0.16902764 0.14914016 0.13684862 0.13678708 0.13570577 0.13185576 0.12199129 0.10878422 0.097898524 0.095469636 0.11773978 0.19733326 0.27157098 0.30555504 0.30972631 0.30281911 0.27999317 0.22856809 0.15728496 0.12925078 0.12419527 0.11276464 0.099936659
0.15356614 0.13490655 0.10070679 0.088487997 0.075616084 0.063822924 0.053352399 0.044367044 0.036429938 0.029973188 0.027162079 0.025177472 0.023846356 0.023169424 0.023180208 0.024348229 0.026084761 0.028719054 0.03292 0.037716015 0.043122555 0.049193896 0.05608555 0.06342466 0.08220799 0.11883952 0.15970843 0.19895966 0.2310317 0.25058101 0.25386962 0.24222615 0.22566026 0.20476173 0.18270616 0.16302174 0.15409623 0.14909171 0.13732409 0.12034175 0.10287735 0.08809078 0.079170018 0.08168936 0.12520898 0.15079717 0.15276501 0.15149775 0.14806972 0.14206581 0.11894356 0.081807186 0.07661764 0.067658002 0.060048642 0.053713841
0.091183014 0.084069012 0.073802494 0.064156553 0.055419254 0.047797592 0.041498565 0.036729167 0.033696394 0.0321297 0.031178074 0.03086871 0.031207568 0.032200611 0.033853799 0.036173094 0.039021273 0.042310568 0.046120033 0.050494847 0.055480186 0.061121229 0.067463153 0.078889662 0.10482173 0.14033215 0.17982289 0.21769596 0.24835332 0.26619698 0.26776706 0.25809692 0.24070724 0.21887925 0.19589423 0.17503342 0.15957807 0.14860722 0.1319285 0.11172302 0.091093081 0.073140973 0.060969004 0.057679473 0.063003728 0.06653989 0.067504299 0.066102447 0.062539826 0.057021928 0.049754245 0.04191951 0.036224683 0.03251814 0.03044302 0.02964246
0.067827732 0.061399795 0.054427527 0.048338733 0.043388599 0.039554102 0.037042239 0.035905661 0.039496553 0.046890733 0.04946972 0.051164434 0.053507171 0.056504093 0.058145361 0.058914446 0.068379232 0.073650167 0.077011526 0.080933933 0.085466866 0.088059712 0.08221923 0.080990574 0.10220941 0.13633701 0.17445991 0.21096512 0.23993617 0.25349933 0.24897565 0.2362352 0.21777965 0.19490671 0.17087674 0.15194969 0.14672352 0.13475558 0.11595953 0.093187884 0.069988785 0.049467521 0.03626027 0.037543302 0.042810373 0.046042666 0.046185588 0.043951318 0.03955628 0.033074196 0.025987168 0.027985684 0.029838222 0.031413562 0.034552057 0.038965111
0.051694177 0.04842548 0.044238325 0.040245364 0.038005753 0.037124807 0.037180066 0.040105012 0.055640257 0.070780921 0.079196307 0.084507243 0.088783456 0.089850792 0.08634645 0.095376895 0.1086523 0.11911969 0.12453147 0.12797686 0.12688202 0.11546866 0.095766842 0.083229611 0.092274925 0.12057798 0.1566228 0.18976432 0.21207935 0.21645111 0.20928389 0.19291295 0.17172613 0.14772581 0.12925193 0.12704764 0.12165344 0.10971608 0.092450886 0.069310749 0.044787826 0.026679763 0.023311948 0.026719582 0.030664695 0.034068595 0.034057656 0.031146455 0.02577647 0.018121486 0.019506403 0.028879857 0.039152991 0.047608848 0.055699219 0.062164762
0.045013935 0.043970268 0.041886711 0.039306892 0.038638889 0.039344454 0.041390807 0.055383816 0.077447936 0.0973407 0.11037253 0.11837207 0.12239531 0.11901487 0.12459142 0.13864042 0.15255105 0.1646264 0.17078852 0.17101068 0.15937504 0.13602832 0.10807629 0.086852791 0.083070234 0.10214899 0.13211812 0.15615699 0.16557071 0.16386349 0.15688591 0.14197727 0.1213266 0.1008301 0.096588215 0.096308437 0.088916492 0.079224695 0.066359924 0.047150321 0.026199115 0.018335594 0.020732112 0.023823195 0.026596018 0.029135593 0.029156592 0.025728467 0.019403798 0.017864863 0.026842495 0.040082431 0.054868844 0.068432868 0.079590975 0.084093947
0.046714534 0.046822118 0.04597787 0.044426977 0.044226891 0.045235555 0.056632352 0.077548441 0.10061133 0.12198968 0.13785484 0.14696363 0.14814559 0.15353104 0.1675575 0.18175194 0.19344195 0.20296799 0.20767881 0.20111916 0.1796012 0.14990036 0.11845777 0.091040793 0.076305285 0.083550579 0.10209768 0.11015499 0.10845876 0.10465268 0.10039656 0.091361642 0.075393831 0.064787288 0.065746413 0.060579579 0.054391129 0.049018386 0.042380923 0.031242572 0.020091355 0.022008695 0.025248061 0.028112898 0.029929098 0.030956081 0.030786128 0.026969785 0.024153306 0.031193834 0.043218274 0.057103132 0.072482852 0.088330103 0.099887809 0.11046808
0.055201889 0.055714379 0.055300617 0.054300525 0.053520866 0.061166183 0.077364484 0.097926918 0.11990673 0.14035717 0.15632788 0.16489013 0.17320968 0.18655432 0.2005927 0.21343338 0.22318497 0.22798899 0.22783294 0.21363652 0.18805636 0.15639742 0.12336072 0.09364728 0.07196168 0.066484758 0.066608155 0.062491083 0.058564669 0.054862712 0.051419015 0.04826738 0.042030118 0.039083079 0.034878567 0.031229324 0.028422887 0.026746793 0.026488579 0.026041265 0.02760434 0.031568354 0.035079927 0.037808607 0.039427004 0.039607726 0.038344959 0.036171385 0.04091352 0.049550625 0.06098258 0.074177928 0.088105208 0.10218182 0.11565439 0.14894289
