dourado_reproduction/final_result_dourado/pga_475y_smooth.tif
NCOLS 300
NROWS 300
XLLCORNER -79.0017
YLLCORNER -39.5223
DX 0.16333
DY 0.17968
NODATA_VALUE -9999
[rows 125 to 149 of 300, columns 168 to 223 of 300]
0.37876128 0.46936846 0.6240788 0.81139519 0.93815555 0.96130459 0.91261462 0.83493196 0.70239858 0.51927585 0.36367527 0.28431022 0.23646678 0.19857706 0.16452795 0.13062122 0.10190223 0.080629991 0.066718115 0.061063521 0.064358962 0.066171646 0.06471483 0.056252819 0.044401603 0.036101054 0.036464608 0.041798796 0.047909021 0.049387509 0.045978972 0.043764821 0.043846227 0.045444494 0.047498319 0.04884466 0.04889135 0.049008389 0.049976043 0.050620852 0.050600017 0.050665543 0.050949029 0.051049361 0.051976741 0.052952376 0.052891847 0.052994553 0.053676491 0.053868258 0.05485096 0.056157909 0.055098377 0.055921647 0.061322243 0.067131282
0.35932473 0.52300063 0.72884889 0.9126414 1.0376707 1.067155 1.0288696 0.91759887 0.74285099 0.56148171 0.40825496 0.32232239 0.27025385 0.22474236 0.18293837 0.1481832 0.11999364 0.09797739 0.083385509 0.079742525 0.077484388 0.07540294 0.071413611 0.061439405 0.047574743 0.042129856 0.043170429 0.047105681 0.051479097 0.052668267 0.049136226 0.047580314 0.048065318 0.049616974 0.051573975 0.053089521 0.053376987 0.054026858 0.054583983 0.05477063 0.05502476 0.055382595 0.055854292 0.056539869 0.057402117 0.057520611 0.0577612 0.058324092 0.059340947 0.06025816 0.061185975 0.059825063 0.059770054 0.062584995 0.069543614 0.077609412
0.41104217 0.60395738 0.80964015 0.99277043 1.1180282 1.1536571 1.0906403 0.95732716 0.78676949 0.6108955 0.46163336 0.37045772 0.31131271 0.26113901 0.21946337 0.18530497 0.15768297 0.13562573 0.12073078 0.11120011 0.10460428 0.098565542 0.090706138 0.078609438 0.064728628 0.058174722 0.056642328 0.05784914 0.059512851 0.059351155 0.056057282 0.054573707 0.054806114 0.056099211 0.057797708 0.059246313 0.059878997 0.060265562 0.060673521 0.061135465 0.061676632 0.06232226 0.063088328 0.063726948 0.064173862 0.064639609 0.065277995 0.066242826 0.067663042 0.068318185 0.067855918 0.067795452 0.069375005 0.073832797 0.082396992 0.092230703
0.42346519 0.62652675 0.84235586 1.0356325 1.1590785 1.214474 1.1499676 1.0153502 0.84348825 0.66630999 0.52341834 0.43392903 0.37590947 0.32638749 0.28536359 0.25185693 0.22408409 0.20884733 0.19180768 0.17875116 0.16862947 0.15906487 0.14664325 0.10887092 0.086781302 0.076679416 0.071603015 0.06926582 0.067454306 0.067717705 0.063475337 0.06124173 0.060789183 0.061397326 0.06241087 0.065288543 0.06862444 0.069181865 0.069779717 0.070431554 0.071162614 0.071905584 0.073647717 0.074576062 0.075337549 0.07611787 0.07707083 0.07810697 0.080009039 0.081601236 0.082273722 0.083348009 0.086062315 0.091594393 0.10170887 0.11601232
0.41459617 0.63219221 0.85560542 1.0218677 1.2001045 1.2793329 1.2171181 1.0759669 0.90082869 0.74935757 0.6179903 0.51591799 0.46376981 0.41773897 0.37927476 0.3442751 0.32749307 0.33426143 0.31825699 0.30618074 0.29622546 0.27607879 0.22046299 0.13441863 0.10194402 0.085185198 0.074767403 0.069311225 0.071006887 0.074575268 0.067130407 0.061627235 0.059091716 0.05866911 0.062909945 0.07491727 0.079557728 0.080155656 0.080920634 0.081700719 0.082257992 0.085015943 0.087955705 0.089393785 0.090695284 0.091893741 0.09220727 0.093122013 0.096844068 0.099702074 0.10154292 0.10371674 0.10710476 0.11342426 0.12737001 0.1462964
0.39994096 0.61795936 0.79970753 1.0221392 1.2525715 1.3424943 1.2842693 1.1429605 1.0046423 0.8683401 0.71277899 0.61303878 0.56658791 0.52534834 0.48672695 0.46679947 0.48866702 0.4966119 0.48030018 0.46907093 0.4465785 0.38212868 0.26347944 0.1622925 0.11968877 0.095764301 0.081093683 0.077584175 0.080818745 0.082182515 0.071891512 0.062848203 0.058221295 0.060070705 0.071952978 0.086995126 0.092231166 0.092790035 0.093571193 0.093987708 0.096392091 0.10118928 0.10441445 0.10618641 0.10789372 0.10819871 0.10832691 0.11169749 0.11597323 0.11983496 0.12271352 0.12540119 0.12933207 0.13905211 0.15597524 0.17898838
0.3830778 0.55309476 0.79010545 1.0731001 1.3011168 1.3998764 1.3469442 1.2427456 1.1225578 0.96580509 0.81858024 0.72261272 0.68102051 0.64273882 0.62373669 0.64734283 0.67363083 0.67914355 0.66111307 0.64137377 0.5755989 0.44686632 0.30733064 0.19979375 0.14750057 0.11741871 0.10206651 0.097275069 0.096970976 0.094408031 0.081594911 0.069326122 0.065029221 0.072573465 0.086918932 0.1005792 0.10620821 0.10665918 0.10698347 0.10907293 0.11354375 0.11813117 0.12138818 0.12332375 0.12436667 0.12448111 0.12693714 0.13064105 0.13511512 0.13970076 0.14314477 0.14619569 0.15262717 0.16464244 0.18394224 0.21048478
0.34252612 0.56567682 0.84808321 1.1240533 1.342217 1.4473446 1.4171351 1.3341593 1.2045456 1.0620261 0.93169501 0.84128348 0.80360987 0.78960474 0.81301485 0.84206255 0.86360341 0.8651012 0.843696 0.78410192 0.65647616 0.50890041 0.36678948 0.25422358 0.19286446 0.15907085 0.13964151 0.12899455 0.12240333 0.11512871 0.10007686 0.08604389 0.08541674 0.093029138 0.10427284 0.11530086 0.12104246 0.12113403 0.12294896 0.12648317 0.13043551 0.13424434 0.13725859 0.13899651 0.13987 0.1418468 0.14434015 0.14763153 0.15198803 0.15699659 0.16067621 0.16531912 0.17320039 0.18657968 0.20768865 0.23718203
0.36364069 0.60018029 0.88165377 1.156691 1.3739217 1.4806411 1.4691095 1.3937055 1.2803016 1.1539919 1.0398706 0.96303679 0.94168286 0.95015353 0.9770786 1.0094775 1.0343695 1.038774 1.0034344 0.90708393 0.76802249 0.61033798 0.4581183 0.33545136 0.26668753 0.22691849 0.20065744 0.18317827 0.16975484 0.15566102 0.13097317 0.11633761 0.11306312 0.11726694 0.12510207 0.13272151 0.13618253 0.13676524 0.13869081 0.14159615 0.14491962 0.14809959 0.15057379 0.15207802 0.15352645 0.15519941 0.15738366 0.16036594 0.16443301 0.16942981 0.17386948 0.17928128 0.18792813 0.20207301 0.22397885 0.25596396
0.37099901 0.61716419 0.90880237 1.1921396 1.3769183 1.4826633 1.490825 1.4263469 1.3232884 1.2075336 1.1250628 1.1296326 1.1382474 1.1627827 1.2042284 1.2511479 1.2726169 1.2385372 1.2103506 1.1114502 0.96234956 0.7946258 0.63108606 0.51087848 0.49565466 0.46736857 0.44651645 0.43433697 0.41787485 0.31654306 0.16914314 0.14738089 0.14056929 0.14137867 0.1456763 0.14634394 0.15304451 0.15322753 0.15471963 0.1572499 0.16018716 0.16167636 0.16257487 0.16405232 0.16529439 0.16676269 0.16874228 0.17122026 0.17334189 0.17678548 0.18096038 0.18630616 0.194887 0.20952925 0.2331711 0.25941559
0.37733252 0.63284294 0.9264766 1.1429849 1.316262 1.4602936 1.4909101 1.4371853 1.3444957 1.2805728 1.2979258 1.3603658 1.390251 1.4379926 1.5017158 1.5286914 1.4915387 1.472319 1.451134 1.3609042 1.2089373 1.0344501 0.88027234 0.87039022 0.86836209 0.85295471 0.85302113 0.82516714 0.67759275 0.40543907 0.21150846 0.17803766 0.16593361 0.1616965 0.15478075 0.15871248 0.17106828 0.17057067 0.17131842 0.17326772 0.17305221 0.17189574 0.1740717 0.17519734 0.17616247 0.17742159 0.17848133 0.17856553 0.17794455 0.18030964 0.18364704 0.18807864 0.19747469 0.21498062 0.22976713 0.25182502
0.38423284 0.6347709 0.85063695 1.0497947 1.2657401 1.427944 1.4831127 1.4450171 1.408961 1.4456972 1.5317967 1.6108671 1.6580698 1.7245785 1.7723384 1.7473625 1.729993 1.7145233 1.6964002 1.6139493 1.4651036 1.3130731 1.2804325 1.3005155 1.2953692 1.2822146 1.2716388 1.1191697 0.80895775 0.46895904 0.25560174 0.20728125 0.18793713 0.16971398 0.16441364 0.17722258 0.18787294 0.18648294 0.18599155 0.18426881 0.18113913 0.18191102 0.18350814 0.18409522 0.18459073 0.18484577 0.18350652 0.18076873 0.17891639 0.18020311 0.18276404 0.18738165 0.19905306 0.20752327 0.21719299 0.23619384
0.39020494 0.57167069 0.7641646 0.99613544 1.2215624 1.4003124 1.4815638 1.4896212 1.5549404 1.6576795 1.7577019 1.8430081 1.9034787 1.9698578 1.9723061 1.9691938 1.9566549 1.936923 1.9175915 1.843241 1.7294734 1.7057627 1.7113097 1.7065839 1.6869532 1.6658567 1.5498405 1.2430045 0.86777416 0.52720661 0.29855403 0.23301187 0.19936468 0.18111291 0.18385105 0.19338978 0.20115158 0.19858784 0.19489362 0.18998677 0.18881584 0.18900425 0.18948289 0.18933738 0.18895822 0.18680954 0.18281099 0.17891568 0.17641631 0.17663797 0.17859862 0.18473716 0.18743173 0.190533 0.19885844 0.21543042
0.37788224 0.52848418 0.73893032 0.97517873 1.204071 1.3924486 1.5019476 1.6014484 1.7134074 1.8246962 1.9286426 2.0185746 2.0882523 2.1321158 2.1503924 2.1486896 2.1332754 2.1104182 2.0866631 2.049603 2.0403714 2.0318534 2.0183786 1.9942765 1.9539983 1.8781718 1.6307907 1.2866654 0.91257307 0.57425495 0.33745223 0.25195386 0.21574165 0.20102575 0.1997709 0.20473019 0.20865671 0.20449408 0.19787235 0.19407934 0.19210378 0.19118822 0.19057517 0.18951522 0.18713375 0.18287659 0.17804614 0.17361393 0.17055147 0.16984433 0.17138164 0.17014291 0.16913017 0.17085076 0.17780754 0.19250381
0.38247554 0.53922813 0.75520778 0.9969897 1.2314154 1.4190648 1.5474915 1.6622073 1.7834555 1.9040335 2.0172691 2.1160565 2.1823 2.2253461 2.2424361 2.2395466 2.2229458 2.1992133 2.1813533 2.159897 2.1452279 2.1312723 2.1123599 2.0828203 2.0427676 1.9456474 1.6867848 1.3321324 0.94751287 0.59866757 0.37051327 0.26693274 0.22833357 0.21057365 0.20627479 0.20819006 0.20852939 0.20026984 0.19269358 0.18791669 0.18495725 0.1830578 0.18169041 0.18180225 0.17814419 0.17300133 0.1672852 0.1619673 0.15803173 0.15873894 0.15720727 0.15361418 0.15025156 0.14962228 0.1542292 0.16908016
0.38881355 0.545838 0.77206308 1.0207822 1.2310498 1.4273043 1.5859193 1.7051855 1.8357648 1.9659185 2.0841093 2.1655946 2.2093387 2.2491005 2.2606962 2.2524046 2.2425304 2.2473859 2.2138284 2.1887689 2.1693227 2.150377 2.1297755 2.1123236 2.0918822 2.0034319 1.7367974 1.3593457 0.9626343 0.6731809 0.41626238 0.27397034 0.23074328 0.21063854 0.20385481 0.19971071 0.19148883 0.18170911 0.17152125 0.16459842 0.15976003 0.15928881 0.16414251 0.1626691 0.15803881 0.15107258 0.1434474 0.13879694 0.14246674 0.13928212 0.13561473 0.12891085 0.1220085 0.11936433 0.12958906 0.14525666
0.39422014 0.54729098 0.77520637 0.98351194 1.1971694 1.4505074 1.621684 1.7439942 1.8813338 2.0117297 2.1083077 2.1527053 2.1932699 2.2319863 2.2386978 2.2419074 2.2645241 2.2425878 2.2055182 2.1794696 2.1571208 2.1388978 2.1343679 2.139795 2.1248815 2.045062 1.7791718 1.3986429 1.0903017 0.78135187 0.44204584 0.27663281 0.22828101 0.20485755 0.18986411 0.17561913 0.16549343 0.15520709 0.1433031 0.1342043 0.13165558 0.13770364 0.13938752 0.13814722 0.13361155 0.12535663 0.11949286 0.12402939 0.12211782 0.11580176 0.11076623 0.10172991 0.093455775 0.098496198 0.10971357 0.12135653
0.39692595 0.54320788 0.72676764 0.9350776 1.2095656 1.470011 1.6525475 1.7776236 1.9132588 2.0184254 2.0747892 2.1137974 2.1555166 2.195534 2.2104303 2.2448883 2.2389923 2.2085872 2.1769322 2.1525733 2.1316376 2.1303363 2.1497083 2.164617 2.1486555 2.0766151 1.8191419 1.5324009 1.2141604 0.81355636 0.46539845 0.27794966 0.22428032 0.19231308 0.16600872 0.14891108 0.1380603 0.12797382 0.11547847 0.10746938 0.11077176 0.11326984 0.11477921 0.11507078 0.11166952 0.10476183 0.1080496 0.10671443 0.10019242 0.09357959 0.087905556 0.077918588 0.077149732 0.083452627 0.090138553 0.099330494
0.39516158 0.51113325 0.69141821 0.9515554 1.2289908 1.4845793 1.6757901 1.8030377 1.910289 1.9756689 2.0267268 2.0717252 2.1174892 2.1611852 2.2015644 2.206966 2.1938389 2.1721779 2.1485796 2.1286482 2.1216646 2.1451587 2.1735211 2.1872853 2.170249 2.1041684 1.9100038 1.6229764 1.2289589 0.82861454 0.48834537 0.28285602 0.22038112 0.17598114 0.14607724 0.12780476 0.11658527 0.10734523 0.095408876 0.092025723 0.091652705 0.094073966 0.097653339 0.10027396 0.099005018 0.099169339 0.096420696 0.090633015 0.084144009 0.077897344 0.072276458 0.066897829 0.067675543 0.069584731 0.07390447 0.081012428
0.38673334 0.49618156 0.700702 0.96144067 1.239365 1.4954423 1.6906401 1.8073178 1.8926664 1.9575649 2.0092086 2.0547928 2.1015126 2.152116 2.1807091 2.1873294 2.1786964 2.1615294 2.1425479 2.1291335 2.1394514 2.1675611 2.1972678 2.2123763 2.1966916 2.1339148 1.9536905 1.6343467 1.2423186 0.84398583 0.50572828 0.2939257 0.21967184 0.17258408 0.14181224 0.12272484 0.11069043 0.10107756 0.090952947 0.086599671 0.087465823 0.091520745 0.096733778 0.10107426 0.10250756 0.10029953 0.095470415 0.088980101 0.081788463 0.074855378 0.069111868 0.064937246 0.062418599 0.061932834 0.063857621 0.068570627
0.36354163 0.46692818 0.67781531 0.94561772 1.2306058 1.4831985 1.6988473 1.8304035 1.9136498 1.9762172 2.0255298 2.0686293 2.1122458 2.1602078 2.1896935 2.1975744 2.1902019 2.1743079 2.1585984 2.1634395 2.1789543 2.214071 2.2507864 2.2724151 2.2375903 2.180231 2.0129033 1.6860112 1.2854525 0.87858919 0.54922928 0.32481389 0.2332789 0.18622468 0.15550804 0.13647585 0.12285674 0.10769623 0.10171212 0.099719947 0.10268152 0.10883187 0.11577539 0.11878002 0.125193 0.12330303 0.11777132 0.11057484 0.10261409 0.092373717 0.079092104 0.071555407 0.066384141 0.063268089 0.062562589 0.063901864
0.32703469 0.42059061 0.63336652 0.90883841 1.1733971 1.4290227 1.7231889 1.8631518 1.9445185 2.0043701 2.0505222 2.0900851 2.1302712 2.1733967 2.2017243 2.2092125 2.2015785 2.1871099 2.2011034 2.2141644 2.2318392 2.2779716 2.3184697 2.2978986 2.2662763 2.2362766 2.0882795 1.7608297 1.3503242 0.97761049 0.66793714 0.36094757 0.25329859 0.20674977 0.17733764 0.15411179 0.1300557 0.1244975 0.12232982 0.12358384 0.12984224 0.13726517 0.14062609 0.15382362 0.16376208 0.16318285 0.15824831 0.15041845 0.13783328 0.11812784 0.09822256 0.086330283 0.077899876 0.071757161 0.066288191 0.061489476
0.28706867 0.37179096 0.58315307 0.82880893 1.090282 1.4436059 1.7475956 1.8955262 1.9741133 2.0307081 2.0736266 2.1110806 2.145665 2.1823783 2.2082835 2.2137025 2.2053511 2.2164722 2.241871 2.2543171 2.2702271 2.3174404 2.3122925 2.295537 2.3092905 2.2808428 2.1496146 1.8265477 1.4632448 1.1256578 0.72600805 0.40190525 0.27591621 0.22904311 0.19542303 0.16188206 0.14911725 0.14906433 0.15038704 0.15452347 0.16270823 0.16725376 0.18197239 0.20211305 0.21344079 0.21378044 0.20898086 0.19759578 0.17626446 0.14857209 0.12346964 0.10652109 0.094137381 0.082434416 0.070179226 0.061415557
0.25341242 0.33089596 0.51761465 0.75411755 1.1071932 1.4684717 1.7630874 1.9178279 1.9928038 2.0464869 2.0885407 2.1214714 2.1489494 2.1778007 2.1999578 2.2025995 2.2154613 2.2350893 2.2504574 2.2576374 2.2681706 2.2782254 2.2774398 2.311018 2.3246858 2.2927204 2.1745387 1.8897436 1.5767914 1.1690758 0.76441973 0.44270065 0.29746061 0.24805192 0.20443726 0.18293114 0.17720491 0.17911169 0.18357154 0.19021858 0.19677761 0.21370244 0.23757398 0.25780685 0.26963713 0.2704935 0.26378182 0.24443656 0.21496277 0.18222078 0.15179863 0.12917992 0.11117796 0.092027363 0.075432005 0.063735133
0.23582753 0.30799492 0.48760889 0.78832094 1.1379737 1.4808443 1.7612103 1.920358 1.992283 2.0452115 2.0825565 2.1092472 2.1302186 2.1506368 2.1681331 2.1847841 2.1957524 2.2010305 2.201527 2.1981142 2.193145 2.206494 2.2441491 2.2778223 2.286874 2.2506647 2.1407183 1.9054657 1.5556794 1.160808 0.78100224 0.47641265 0.31426063 0.25898321 0.22620749 0.21073354 0.20767718 0.21218599 0.21945495 0.22731223 0.24584312 0.27011962 0.29493499 0.31569664 0.32781803 0.32851393 0.31489478 0.28810848 0.25348851 0.21588883 0.18016338 0.15135889 0.12587912 0.10234111 0.082688209 0.068189615
