dourado_reproduction/final_result_dourado/pga_475y.tif
NCOLS 300
NROWS 300
XLLCORNER -75
YLLCORNER -35
DX 0.14333
DY 0.13667
NODATA_VALUE -9999
[rows 270 to 296 of 300, columns 120 to 179 of 300]
-9999 -9999 -9999 -9999 -9999 -9999 -9999 -9999 -9999 -9999 -9999 -9999 -9999 -0.0027606783 -0.013339344 -0.053460343 -0.09443089 -0.13076358 -0.15697099 -0.13117088 -0.0029224213 0.13510683 0.24169088 0.12319459 0.23070671 0.26958011 0.33435659 0.43122893 0.53157844 0.6354767 0.74304056 0.85438685 0.96963242 1.0888717 1.2119561 1.3398249 1.4745142 1.6180912 1.7726226 1.9401757 2.1229317 2.3311745 2.5711289 2.8382527 3.1279892 3.435782 3.7570744 4.0871433 4.5707647 5.2936495 6.2002769 7.2349493 8.341969 9.4656384 10.549086 12.584812 15.872801 19.794539 23.732082 27.067487
-9999 -9999 -9999 -9999 -9999 -9999 -9999 -9999 -9999 -9999 -9999 -9999 -9999 -9999 0.021857687 0.0068493715 -0.026987961 -0.060167799 -0.08720273 -0.10260534 -0.067014682 0.061499243 0.18457779 0.19323984 0.21818117 0.28774816 0.33247846 0.4268786 0.52605382 0.62872024 0.73505225 0.84516669 0.95918042 1.0768733 1.1983972 1.3244576 1.4571142 1.5986584 1.7511571 1.9166774 2.0964238 2.309368 2.5501221 2.8180892 3.108669 3.417305 3.7394408 4.0689716 4.568002 5.3073805 6.2364562 7.2935767 8.4230446 9.5691622 10.676646 12.292254 15.564966 19.555767 23.562373 26.966841
-9999 -9999 -9999 -9999 -9999 -9999 -9999 -9999 -9999 -9999 -9999 -9999 -9999 -9999 -9999 0.044546024 0.02779413 0.00039765607 -0.024834278 -0.042414262 -0.046854884 -0.0018799099 0.12336806 0.23087737 0.2092211 0.30072391 0.33372461 0.42376134 0.51934085 0.62077169 0.72561759 0.83422945 0.94659159 1.0619398 1.1799448 1.3048659 1.4358962 1.57465 1.7242945 1.8865643 2.0614085 2.2813899 2.5275674 2.7947059 3.0851033 3.393573 3.7144778 4.0382788 4.612254 5.331008 6.2491153 7.3367466 8.4983558 9.6742027 10.797158 12.562195 14.627661 18.23765 22.488096 26.158458
-9999 -9999 -9999 -9999 -9999 -9999 -9999 -9999 -9999 -9999 -9999 -9999 -9999 -9999 -9999 -9999 0.065539954 0.049486458 0.028688036 0.011561197 0.0035933541 0.010271917 0.06423924 0.18248678 0.20745456 0.29299252 0.33654184 0.4254143 0.51311799 0.61083867 0.71415678 0.82101392 0.93132009 1.044295 1.1597378 1.279623 1.4086771 1.5453119 1.6914733 1.8494341 2.0193155 2.2329097 2.496609 2.7650776 3.0520455 3.3587795 3.6762713 3.9942281 4.5608884 5.4399309 6.3200988 7.3749318 8.5666702 9.7726876 10.911007 12.670523 15.069387 17.340757 20.965796 24.944157
-9999 -9999 -9999 -9999 -9999 -9999 -9999 -9999 -9999 -9999 -9999 -9999 -9999 -9999 -9999 -9999 -9999 0.0850751 0.071917883 0.057874705 0.049010155 0.050811646 0.068766587 0.13134857 0.23865814 0.28119401 0.33923645 0.42709003 0.51216343 0.60108276 0.70048932 0.80527609 0.91347845 1.02408 1.1370258 1.2535886 1.3768091 1.510344 1.6529975 1.8065922 1.9715108 2.1777093 2.4397106 2.7248448 3.0090657 3.3093015 3.6230185 3.9351312 4.4862752 5.4045926 6.4634793 7.4705993 8.6277462 9.8609426 11.014627 12.735015 15.243518 17.791762 20.094001 23.544153
-9999 -9999 -9999 -9999 -9999 -9999 -9999 -9999 -9999 -9999 -9999 -9999 -9999 -9999 -9999 -9999 -9999 -9999 0.10340893 0.095079931 0.08794919 0.087504122 0.099232139 0.12862065 0.19943907 0.26815788 0.34011471 0.42694942 0.51161765 0.59651978 0.68677158 0.78741006 0.89320793 1.0014362 1.1118848 1.22596 1.3449726 1.4720111 1.6103801 1.7594041 1.9193599 2.1181629 2.3693044 2.6550283 2.9532576 3.2466993 3.5530311 3.8592997 4.3949272 5.286732 6.4243053 7.6181011 8.7178342 9.9353998 11.104448 12.78571 15.188578 17.89668 20.392666 22.549851
-9999 -9999 -9999 -9999 -9999 -9999 -9999 -9999 -9999 -9999 -9999 -9999 -9999 -9999 -9999 -9999 -9999 -9999 -9999 0.12173055 0.11896413 0.11890302 0.12703463 0.14884636 0.18982564 0.26631768 0.33748294 0.42329877 0.50761305 0.59203389 0.67814674 0.76930035 0.87071815 0.97650466 1.0844562 1.19602 1.3121779 1.4345444 1.5657369 1.7092987 1.8642286 2.0556361 2.2951795 2.5681192 2.864356 3.1690081 3.4651457 3.7650451 4.2851563 5.1479245 6.2662429 7.5465435 8.8389979 9.9971286 11.176904 12.819039 15.095519 17.663395 20.268186 22.535442
-9999 -9999 -9999 -9999 -9999 -9999 -9999 -9999 -9999 -9999 -9999 -9999 -9999 -9999 -9999 -9999 -9999 -9999 -9999 -9999 0.14060864 0.143562 0.15072772 0.16759319 0.19964584 0.25237307 0.32964741 0.41437706 0.49767374 0.58105492 0.6661281 0.75450079 0.84778497 0.94942678 1.0547505 1.1630811 1.2759363 1.3950001 1.5219562 1.6584943 1.8074828 1.9909867 2.2180571 2.4781946 2.7616292 3.0585904 3.3592567 3.6506793 4.1588946 5.0155794 6.128787 7.4039877 8.7466515 10.061372 11.228426 12.820332 14.95942 17.384919 19.847451 22.097638
-9999 -9999 -9999 -9999 -9999 -9999 -9999 -9999 -9999 -9999 -9999 -9999 -9999 -9999 -9999 -9999 -9999 -9999 -9999 -9999 -9999 0.16003475 0.16886508 0.18341481 0.20917135 0.2516221 0.31625448 0.39878794 0.4801509 0.56159835 0.64473781 0.73117678 0.82252275 0.92039254 1.023466 1.1277884 1.2366353 1.3516908 1.4746386 1.6071628 1.750754 1.9180753 2.1338625 2.3827171 2.6548686 2.9405467 3.2299811 3.5127209 3.9532357 4.8336491 5.9705855 7.2695149 8.6359074 9.9752329 11.173481 12.459975 14.504081 16.834599 19.202149 21.357354
-9999 -9999 -9999 -9999 -9999 -9999 -9999 -9999 -9999 -9999 -9999 -9999 -9999 -9999 -9999 -9999 -9999 -9999 -9999 -9999 -9999 0.15114894 0.1800004 0.19486489 0.21695583 0.25176062 0.30476667 0.3794736 0.46085645 0.54049603 0.6211832 0.70516987 0.79406966 0.88971299 0.99259311 1.0989139 1.203878 1.3137728 1.4315601 1.5588438 1.6964939 1.8447877 2.0212839 2.2565922 2.5204614 2.7978572 3.0786112 3.3468628 3.6334897 4.1084067 5.2342334 6.597277 8.0277837 9.4211259 10.549708 11.473144 12.324419 14.525482 16.96011 19.182392
-9999 -9999 -9999 -9999 -9999 -9999 -9999 -9999 -9999 -9999 -9999 -9999 -9999 -9999 -9999 -9999 -9999 -9999 -9999 -9999 -9999 -9999 0.17450308 0.20049711 0.22155296 0.2513423 0.29535253 0.35907108 0.43561251 0.51667258 0.59631669 0.67754586 0.76374828 0.85715354 0.95791415 1.0639003 1.172504 1.2796356 1.391269 1.512064 1.6435441 1.7853031 1.9377645 2.1210765 2.3633571 2.6346014 2.9066755 3.1599492 3.4324362 3.7244334 4.2309709 5.4513907 6.9715466 8.3974875 9.4447003 10.29778 10.884243 11.425196 13.467512 15.902985
-9999 -9999 -9999 -9999 -9999 -9999 -9999 -9999 -9999 -9999 -9999 -9999 -9999 -9999 -9999 -9999 -9999 -9999 -9999 -9999 -9999 -9999 -9999 0.1956451 0.22151641 0.24892081 0.28656575 0.33993862 0.41195935 0.48611105 0.56739407 0.64770361 0.73122647 0.82239366 0.92098718 1.0245676 1.1323341 1.2422414 1.3506603 1.4648792 1.5901893 1.7258479 1.8697131 2.0251241 2.21305 2.4596171 2.7226843 2.96098 3.2128135 3.5044643 3.7825212 4.3260638 5.6393532 7.0915952 8.0574383 8.7624651 9.4603391 9.68586 10.076653 12.09263
-9999 -9999 -9999 -9999 -9999 -9999 -9999 -9999 -9999 -9999 -9999 -9999 -9999 -9999 -9999 -9999 -9999 -9999 -9999 -9999 -9999 -9999 -9999 -9999 0.21481063 0.24304983 0.27695998 0.3226177 0.3855104 0.4566548 0.53213325 0.61419546 0.69618372 0.78511284 0.88153927 0.98264749 1.0873831 1.195951 1.3061835 1.4155742 1.5347143 1.6642724 1.8015021 1.9460947 2.1021554 2.2924954 2.5356373 2.7589552 2.9901351 3.2594097 3.5434477 3.8064344 4.3927352 5.7024308 6.5869043 7.1438785 7.7022896 8.1572812 8.170045 8.5709817
-9999 -9999 -9999 -9999 -9999 -9999 -9999 -9999 -9999 -9999 -9999 -9999 -9999 -9999 -9999 -9999 -9999 -9999 -9999 -9999 -9999 -9999 -9999 -9999 -9999 0.23228303 0.2650889 0.30566198 0.35948968 0.42895777 0.49706851 0.57484315 0.65825128 0.74499056 0.83924989 0.93785945 1.0396419 1.1444046 1.2528077 1.3623881 1.4754039 1.5988615 1.729699 1.8664319 2.0097828 2.1641474 2.3547036 2.5628746 2.773401 3.0167288 3.278775 3.5475869 3.7948541 4.4300351 5.2320803 5.641002 6.017766 6.3771841 6.6774719 6.628846
-9999 -9999 -9999 -9999 -9999 -9999 -9999 -9999 -9999 -9999 -9999 -9999 -9999 -9999 -9999 -9999 -9999 -9999 -9999 -9999 -9999 -9999 -9999 -9999 -9999 -9999 0.24950618 0.28762514 0.33501835 0.39717322 0.46459908 0.53485414 0.61540477 0.70170629 0.79377748 0.88937236 0.98791897 1.0893605 1.1936402 1.3009608 1.4105429 1.5278392 1.6509493 1.7795191 1.9142581 2.0558757 2.206389 2.3817381 2.5715658 2.7895356 3.0255853 3.2708118 3.5163121 3.7464615 4.1919482 4.4551602 4.6983482 4.9311018 5.1427191 5.3224983
-9999 -9999 -9999 -9999 -9999 -9999 -9999 -9999 -9999 -9999 -9999 -9999 -9999 -9999 -9999 -9999 -9999 -9999 -9999 -9999 -9999 -9999 -9999 -9999 -9999 -9999 -9999 0.26706084 0.31065008 0.36502061 0.43204158 0.49664842 0.57117998 0.65498896 0.7437724 0.83569188 0.93056308 1.0283292 1.1289335 1.2323192 1.3384169 1.4471904 1.5606817 1.6796329 1.8047532 1.936752 2.0763387 2.2242012 2.392451 2.58816 2.8019489 3.0249146 3.2481542 3.4627645 3.6599105 3.8509091 4.0428294 4.2243154 4.3846651 4.5131767
-9999 -9999 -9999 -9999 -9999 -9999 -9999 -9999 -9999 -9999 -9999 -9999 -9999 -9999 -9999 -9999 -9999 -9999 -9999 -9999 -9999 -9999 -9999 -9999 -9999 -9999 -9999 -9999 0.28493854 0.33415524 0.39566029 0.45977639 0.52817467 0.60770312 0.68805667 0.77380028 0.86508737 0.95930789 1.0563666 1.1562019 1.258038 1.3616703 1.4637307 1.5726507 1.6877561 1.8097401 1.9393064 2.0765889 2.2168491 2.3782146 2.5740205 2.7791423 2.984538 3.1813291 3.3612717 3.5148596 3.6678522 3.831797 3.9747317 4.0858283
-9999 -9999 -9999 -9999 -9999 -9999 -9999 -9999 -9999 -9999 -9999 -9999 -9999 -9999 -9999 -9999 -9999 -9999 -9999 -9999 -9999 -9999 -9999 -9999 -9999 -9999 -9999 -9999 -9999 0.30313079 0.35813216 0.42283138 0.4860949 0.56134281 0.63689939 0.71078108 0.79354481 0.88361601 0.97759458 1.0739662 1.1713082 1.2719341 1.3697905 1.4658319 1.5705673 1.6827682 1.8022578 1.9287648 2.0603409 2.186314 2.3346657 2.5203577 2.7127315 2.8962359 3.0602093 3.2003968 3.3095772 3.4215037 3.5482257 3.6511263
-9999 -9999 -9999 -9999 -9999 -9999 -9999 -9999 -9999 -9999 -9999 -9999 -9999 -9999 -9999 -9999 -9999 -9999 -9999 -9999 -9999 -9999 -9999 -9999 -9999 -9999 -9999 -9999 -9999 -9999 0.32162913 0.38257235 0.44450054 0.51546792 0.58801543 0.65438275 0.72501414 0.80580458 0.89513403 0.98797531 1.0808232 1.1760551 1.2742399 1.3650577 1.4563683 1.5578565 1.6671979 1.7829295 1.9032369 2.0246194 2.1358955 2.2727758 2.4455991 2.6166988 2.764703 2.8875118 2.990363 3.0619052 3.1412588 3.2327715
-9999 -9999 -9999 -9999 -9999 -9999 -9999 -9999 -9999 -9999 -9999 -9999 -9999 -9999 -9999 -9999 -9999 -9999 -9999 -9999 -9999 -9999 -9999 -9999 -9999 -9999 -9999 -9999 -9999 -9999 -9999 0.34042509 0.40295148 0.46963833 0.53917677 0.60219663 0.66420216 0.73257373 0.81239758 0.90082508 0.98917887 1.0790159 1.1723434 1.2647559 1.3497903 1.4376233 1.5363273 1.6412834 1.7503145 1.8615667 1.970484 2.06881 2.1957102 2.350696 2.482731 2.5881305 2.6761943 2.746355 2.789521 2.8447885
-9999 -9999 -9999 -9999 -9999 -9999 -9999 -9999 -9999 -9999 -9999 -9999 -9999 -9999 -9999 -9999 -9999 -9999 -9999 -9999 -9999 -9999 -9999 -9999 -9999 -9999 -9999 -9999 -9999 -9999 -9999 -9999 0.35947315 0.42341394 0.4899433 0.55065788 0.60870656 0.66817477 0.7352781 0.81511123 0.89897091 0.98341307 1.0705071 1.1588425 1.2457621 1.3262731 1.4118465 1.5060272 1.6037818 1.7033716 1.8038447 1.9011034 1.9882226 2.1062055 2.2222712 2.3102616 2.3810886 2.4403726 2.4860853 2.5100959
-9999 -9999 -9999 -9999 -9999 -9999 -9999 -9999 -9999 -9999 -9999 -9999 -9999 -9999 -9999 -9999 -9999 -9999 -9999 -9999 -9999 -9999 -9999 -9999 -9999 -9999 -9999 -9999 -9999 -9999 -9999 -9999 0.31350016 0.37635461 0.43987491 0.4981848 0.55395075 0.60970999 0.66811675 0.73494525 0.81279511 0.89184241 0.97283774 1.0549535 1.1374802 1.2195385 1.2967894 1.3793614 1.4658396 1.5543469 1.6441217 1.7332781 1.8196463 1.8972984 1.9913019 2.0618831 2.1170602 2.161978 2.1983496 2.2272663
-9999 -9999 -9999 -9999 -9999 -9999 -9999 -9999 -9999 -9999 -9999 -9999 -9999 -9999 -9999 -9999 -9999 -9999 -9999 -9999 -9999 -9999 -9999 -9999 -9999 -9999 -9999 -9999 -9999 -9999 -9999 -9999 -9999 0.32802025 0.38843007 0.4437591 0.49654402 0.54932224 0.60463113 0.66500809 0.73324723 0.80705034 0.88268261 0.95943556 1.0365995 1.1134646 1.1893213 1.2634864 1.3397455 1.4191457 1.4998171 1.5798702 1.6574156 1.7305638 1.7978012 1.8540598 1.8983193 1.9323242 1.9577829 1.976404
-9999 -9999 -9999 -9999 -9999 -9999 -9999 -9999 -9999 -9999 -9999 -9999 -9999 -9999 -9999 -9999 -9999 -9999 -9999 -9999 -9999 -9999 -9999 -9999 -9999 -9999 -9999 -9999 -9999 -9999 -9999 -9999 -9999 -9999 -9999 0.40232218 0.45011457 0.49700779 0.54643169 0.60092365 0.66301944 0.73303364 0.80416142 0.87596233 0.94817419 1.0200873 1.0909919 1.1602078 1.2232417 1.2944393 1.367524 1.4399904 1.5099492 1.5755108 1.6359188 1.6846471 1.7204665 1.7460313 1.76305 1.7732309
-9999 -9999 -9999 -9999 -9999 -9999 -9999 -9999 -9999 -9999 -9999 -9999 -9999 -9999 -9999 -9999 -9999 -9999 -9999 -9999 -9999 -9999 -9999 -9999 -9999 -9999 -9999 -9999 -9999 -9999 -9999 -9999 -9999 -9999 -9999 -9999 -9999 0.47426776 0.51820168 0.55987247 0.60901761 0.66749658 0.73591122 0.80457141 0.87149385 0.93797821 1.0035069 1.0677592 1.11828 1.1717258 1.2353815 1.3013741 1.3650424 1.4248218 1.4808388 1.5243805 1.5526132 1.570179 1.5793152 1.5829483
-9999 -9999 -9999 -9999 -9999 -9999 -9999 -9999 -9999 -9999 -9999 -9999 -9999 -9999 -9999 -9999 -9999 -9999 -9999 -9999 -9999 -9999 -9999 -9999 -9999 -9999 -9999 -9999 -9999 -9999 -9999 -9999 -9999 -9999 -9999 -9999 -9999 -9999 -9999 0.53925015 0.5804757 0.62088489 0.67301831 0.73836003 0.80297944 0.864167 0.92418905 0.98347777 1.0297358 1.0636218 1.110814 1.1673233 1.2253298 1.2804752 1.3321247 1.3705913 1.3922843 1.4029116 1.4072672 1.3937628
-9999 -9999 -9999 -9999 -9999 -9999 -9999 -9999 -9999 -9999 -9999 -9999 -9999 -9999 -9999 -9999 -9999 -9999 -9999 -9999 -9999 -9999 -9999 -9999 -9999 -9999 -9999 -9999 -9999 -9999 -9999 -9999 -9999 -9999 -9999 -9999 -9999 -9999 -9999 -9999 -9999 0.59420702 0.6317521 0.67625041 0.73701037 0.7957905 0.85048847 0.90481358 0.94737576 0.97378663 1.0004653 1.0422692 1.0924184 1.142851 1.190133 1.2235246 1.2392727 1.2467539 1.2554803 -9999
