dourado_reproduction/final_result_dourado/pga_475y_smooth.tif
NCOLS 300
NROWS 300
XLLCORNER -79.0017
YLLCORNER -39.5223
DX 0.16333
DY 0.17968
NODATA_VALUE -9999
[rows 275 to 299 of 300, columns 112 to 167 of 300]
0.15888284 0.15607932 0.1538663 0.15123848 0.1479401 0.13963742 0.12519581 0.10953479 0.096250919 0.084245728 0.064798414 0.045250081 0.034171843 0.027911531 0.024324205 0.022029197 0.020656595 0.022178811 0.026749324 0.030589607 0.032580875 0.034307815 0.037641556 0.043924214 0.052596568 0.060194256 0.069802523 0.089812437 0.13527624 0.1908632 0.23791697 0.26844375 0.29978365 0.3340285 0.3422876 0.31487162 0.26567141 0.21386898 0.17404683 0.14536914 0.10722273 0.076507746 0.065803324 0.059617915 0.055573522 0.052549042 0.048963605 0.043657305 0.037694952 0.034273825 0.029873051 0.023939566 0.019145594 0.017515504 0.020134602 0.026550315
0.15551268 0.15011304 0.14551285 0.14068868 0.13076781 0.11555434 0.099466462 0.084199859 0.070828864 0.059848643 0.044177366 0.034546321 0.029248203 0.026229997 0.024599712 0.024099378 0.024605971 0.027188459 0.031190942 0.03322296 0.034804693 0.037662158 0.042695744 0.050590983 0.06167405 0.072831145 0.093684387 0.13993696 0.19555513 0.24828327 0.29215352 0.32140806 0.34263068 0.35321272 0.32715189 0.27839972 0.22354138 0.17074508 0.12708597 0.098403619 0.06818423 0.054835568 0.047308021 0.043261833 0.041803961 0.041732888 0.041448747 0.039444247 0.038192379 0.035991412 0.031813203 0.027967078 0.025737063 0.026296434 0.030925313 0.039894529
0.15030191 0.14263814 0.13561848 0.12466886 0.11084028 0.095451172 0.079692545 0.064755423 0.051830826 0.042044875 0.034441604 0.029688412 0.026869162 0.025707634 0.025927608 0.027252866 0.029407189 0.032419739 0.034701412 0.036841703 0.03964171 0.043859758 0.050254176 0.05958329 0.072578212 0.094473849 0.13423088 0.18313256 0.23513803 0.2842064 0.32429679 0.34936832 0.35624786 0.33601485 0.2968294 0.24600561 0.19039402 0.13684513 0.092209477 0.063306489 0.047157195 0.037763591 0.033237539 0.032440105 0.034232356 0.037475359 0.04103018 0.043701794 0.04428849 0.043021459 0.041098263 0.039655078 0.039828077 0.042753435 0.049565289 0.064945053
0.14256864 0.13349611 0.12396891 0.1128354 0.098933743 0.083471549 0.067639839 0.052629635 0.040175007 0.033260766 0.028615063 0.025864814 0.025039943 0.025872795 0.028087149 0.031389682 0.034628592 0.040947284 0.044789303 0.048032279 0.05193497 0.057255702 0.064752804 0.074637062 0.08746273 0.1091508 0.14672838 0.19350497 0.24338535 0.29032863 0.32825335 0.34617436 0.33945236 0.31629143 0.27489953 0.22186929 0.16405124 0.1082959 0.063865939 0.04560314 0.034825859 0.029290641 0.028591578 0.031621133 0.037240373 0.04430354 0.049935201 0.062750665 0.067796938 0.068875232 0.069297361 0.0701995 0.072717823 0.076751001 0.081381406 0.099483678
0.13282205 0.11976953 0.10829118 0.097414777 0.083284184 0.067451478 0.05184367 0.039525111 0.032765592 0.029730702 0.027493007 0.026992637 0.028320014 0.031217151 0.034608064 0.037358501 0.046246817 0.056625129 0.063733571 0.068961943 0.074195363 0.080290459 0.086127489 0.093699337 0.10870408 0.12667511 0.1601161 0.20528696 0.2537857 0.29545554 0.31783424 0.31128922 0.29319612 0.26829084 0.22368604 0.166943 0.10774971 0.063366345 0.045342844 0.036521811 0.030774251 0.029682406 0.033254278 0.040436485 0.048813443 0.054884657 0.073847517 0.10041087 0.11640415 0.12377026 0.12760273 0.13064989 0.12882682 0.12300626 0.13501379 0.15447154
0.11854734 0.10288783 0.090218457 0.079928355 0.066191415 0.051136137 0.039360285 0.032910725 0.030297071 0.029455323 0.02919241 0.030445781 0.033640765 0.037207533 0.039914941 0.048819937 0.062546373 0.075021946 0.084411932 0.091373353 0.09735287 0.10139789 0.10598702 0.11764284 0.13201714 0.14684129 0.17331688 0.21466552 0.2550625 0.27834555 0.27478855 0.25312994 0.22956617 0.20495186 0.16132616 0.10530964 0.062278901 0.044949998 0.036622868 0.032869968 0.031552759 0.033944329 0.041312155 0.050760477 0.057759052 0.077190759 0.11238443 0.14599124 0.16993594 0.18330554 0.19024777 0.18890248 0.1794905 0.18532323 0.200401 0.21811623
0.10080748 0.085157649 0.0721051 0.062385019 0.049927605 0.039018255 0.033150866 0.030673319 0.030148705 0.030655699 0.031909516 0.034349137 0.038279958 0.041389547 0.050679054 0.064612424 0.079180689 0.092347195 0.10286669 0.11055483 0.11519181 0.11923355 0.12912043 0.1411449 0.15282774 0.16456535 0.18241436 0.21488878 0.23552211 0.23139125 0.21079556 0.18551385 0.16080849 0.13773224 0.10042857 0.059452534 0.043334989 0.03559685 0.032382938 0.032051786 0.034237001 0.039336404 0.049064892 0.057478605 0.077864869 0.11413873 0.15435428 0.19065955 0.21879981 0.23557501 0.24147465 0.23542328 0.24109932 0.25402064 0.26636464 0.27887492
0.083341746 0.06857768 0.055945899 0.046791063 0.037836266 0.032819431 0.030495175 0.029687034 0.030124004 0.031544133 0.033742957 0.036917215 0.040873957 0.050849229 0.06397858 0.078159977 0.092179371 0.10482665 0.11518355 0.1222528 0.12818481 0.13813465 0.14820631 0.15777793 0.16640563 0.17390674 0.1833313 0.19717774 0.18895067 0.16944553 0.14608557 0.12160682 0.098745305 0.078730249 0.053736173 0.039346756 0.032554501 0.029299506 0.029020694 0.031381518 0.036076117 0.043255 0.052963537 0.074790065 0.11044281 0.1501265 0.18982591 0.22555168 0.25367851 0.27104001 0.27530258 0.28733429 0.30058254 0.31186985 0.32040074 0.32545493
0.069442816 0.055421468 0.043525375 0.035144759 0.030045681 0.026957408 0.025638151 0.025825957 0.027258875 0.029674951 0.032812232 0.036471361 0.043668492 0.054345773 0.067289153 0.08128458 0.095118002 0.10757537 0.11744431 0.1245581 0.1323854 0.14060041 0.14875925 0.15641805 0.16313293 0.16846003 0.17200501 0.16786864 0.15440998 0.13436045 0.1104561 0.085432965 0.062027066 0.042974442 0.031108009 0.023578216 0.019697699 0.01912991 0.021538303 0.026586333 0.033937452 0.043160886 0.058690396 0.086342159 0.12198836 0.16163964 0.20130663 0.23699998 0.26473032 0.2806175 0.2935772 0.30616689 0.3175911 0.32705436 0.3337612 0.33691616
0.051755119 0.038766116 0.031211071 0.02701445 0.023022367 0.020932497 0.020641993 0.021858553 0.024316461 0.027455679 0.030321983 0.032559109 0.03811173 0.048440405 0.061206552 0.075024746 0.088699584 0.10111637 0.10787332 0.11065256 0.11551281 0.12185246 0.12817036 0.13398822 0.13986437 0.14752989 0.14860655 0.1432577 0.12851159 0.10716014 0.081953878 0.055748041 0.034665747 0.02386026 0.016934308 0.012184372 0.010889819 0.012881461 0.017849285 0.025182119 0.03288559 0.039818056 0.050121613 0.075490506 0.11098071 0.15049452 0.19002402 0.22538487 0.25046979 0.25681554 0.26019999 0.26949057 0.27889484 0.28633817 0.29147194 0.29991604
0.032668443 0.02652535 0.023429406 0.020958046 0.018092002 0.016785517 0.017452272 0.019523705 0.022180012 0.024489291 0.025760034 0.027206933 0.030710662 0.039536878 0.051750151 0.065117445 0.078268135 0.086322049 0.088064142 0.088339023 0.089709884 0.093297049 0.097830305 0.10450927 0.1144272 0.11821493 0.11646806 0.11081799 0.09590785 0.07330078 0.048310503 0.028674966 0.018896011 0.014017747 0.010352217 0.0077742959 0.0087262577 0.012978853 0.019055153 0.024973567 0.029755097 0.034484956 0.041098139 0.059777362 0.092314923 0.13078488 0.16818969 0.1983128 0.2099932 0.21053451 0.20619977 0.20768073 0.21307222 0.22049407 0.235252 0.25120242
0.021240926 0.019011835 0.01765597 0.016353097 0.01463978 0.013861916 0.015165202 0.017208579 0.018835483 0.019502438 0.019943308 0.020891429 0.022949707 0.030111211 0.041153823 0.053076371 0.060561808 0.062528542 0.062521498 0.061889823 0.06124483 0.063093041 0.068167695 0.07789415 0.082755605 0.082767812 0.080508892 0.075386642 0.062543866 0.041379006 0.023773077 0.01558738 0.011746345 0.0099519038 0.0085096731 0.0075027204 0.0096150741 0.014521896 0.018892411 0.021847126 0.024381061 0.027629108 0.032597287 0.044290054 0.072234977 0.10592666 0.13533114 0.14908144 0.1519768 0.15086457 0.14483129 0.14111157 0.14451556 0.15823507 0.17749266 0.18148328
0.014058494 0.013393344 0.012978715 0.012577288 0.011918963 0.01154328 0.012790686 0.013611709 0.01357622 0.013422765 0.013607007 0.014296682 0.015645885 0.021004546 0.0297245 0.034715641 0.03551383 0.035462859 0.035529236 0.035298399 0.03443149 0.036147394 0.043238477 0.046759873 0.047206498 0.046880872 0.045637238 0.042072454 0.033063468 0.018690208 0.012664003 0.010359233 0.0095542547 0.0091097863 0.0088727917 0.0088921474 0.011049898 0.01410972 0.01547901 0.016294742 0.017516844 0.019713422 0.023396484 0.030153647 0.051383001 0.074311977 0.084380572 0.086386629 0.087129387 0.087395242 0.084557838 0.079647971 0.085347547 0.10052578 0.10415692 0.10243763
0.008192365 0.0083027146 0.0086403141 0.0089962834 0.0091617423 0.0091756395 0.0091051914 0.0086220137 0.0080909152 0.0077056838 0.0076601072 0.0081479733 0.0093564473 0.01240939 0.013679408 0.013873321 0.013590786 0.013143494 0.012843134 0.013001396 0.013583706 0.015767917 0.016953281 0.017935318 0.018541051 0.018590113 0.017902141 0.016296768 0.012156484 0.0087966931 0.0075299855 0.0071615409 0.0074169752 0.0080219041 0.0087019438 0.0091953771 0.010093089 0.010196266 0.0098733231 0.0096398134 0.0099376432 0.011208719 0.013894947 0.018450572 0.028042432 0.031546909 0.033169916 0.033600545 0.033400247 0.033130475 0.03335268 0.033064986 0.036894586 0.037875151 0.038491008 0.038353879
0.002987138 0.0038618786 0.0049638693 0.0060842297 0.0066275559 0.0066149643 0.0062062412 0.0054493653 0.0046445685 0.0039856388 0.0036663639 0.0038790098 0.0046520161 0.0062768547 0.006546367 0.0059562269 0.0048896394 0.0036582944 0.0025738817 0.0018991196 0.0019598321 0.0036289048 0.0049611141 0.0060917513 0.0068460835 0.0070437456 0.0065043727 0.0047022269 0.0021375536 0.00085459445 0.00061356176 0.001270792 0.0025519012 0.004182505 0.0058882195 0.0067256091 0.0071146931 0.0064084812 0.0051877575 0.0040564672 0.0034565164 0.0038298115 0.0056042615 0.0089386661 0.013683749 0.015358987 0.015210534 0.013869703 0.011897945 0.0098567121 0.0081335159 0.0078538211 0.010311562 0.012185369 0.013694411 0.014450467
0.0019924573 0.0036631735 0.0051118566 0.0052882114 0.0050707848 0.0052611481 0.0052273816 0.0044951002 0.0035306828 0.0026874447 0.002007133 0.0015649962 0.0023453597 0.0039798804 0.00462473 0.0036859717 0.0020423067 0.00014693361 -0.0020947516 -0.0040013651 -0.0030798204 -0.00082053562 0.0012185927 0.0026990041 0.0037277427 0.003793885 0.0016059692 -0.001359979 -0.0021885262 -0.0022287431 -0.0013276908 0.00035679901 0.0026258282 0.0046158176 0.0049999403 0.0049946898 0.0055599633 0.0055830115 0.0041485083 0.0023934487 0.0011226611 0.00052962822 0.00089724883 0.0035451987 0.0080673064 0.010359186 0.0092705247 0.0065590945 0.0030253077 -0.0015575333 -0.0055750912 -0.0042934238 -0.00017262262 0.0034611938 0.0059983769 0.007644514
0.0033399794 0.0048646439 0.0048351435 0.0044849052 0.0045576741 0.004779457 0.0049873762 0.0044379597 0.0034517673 0.0023313133 0.0012324694 0.0011926484 0.0019602863 0.0032146668 0.0042217394 0.0033317526 0.0013083837 -0.0015447988 -0.00437222 -0.0046648744 -0.0034968677 -0.0013760562 0.0010222784 0.0028097752 0.0034646717 0.0014493935 -0.0015076026 -0.0023475227 -0.0023322187 -0.0017251558 -0.00016078936 0.0022689136 0.0043434922 0.0045251236 0.0041980612 0.0043811475 0.0048907125 0.0054675451 0.0043932924 0.0024344948 0.00057311551 -0.00080240309 -0.00029676364 0.0016794762 0.0049184389 0.0080012183 0.0069756472 0.0033565964 -0.0021161218 -0.0078999566 -0.0089945595 -0.0072391485 -0.0033174912 0.0013833116 0.0047610401 0.0059890093
0.0049469363 0.0048920303 0.0045823808 0.0045801477 0.0046747006 0.0048331863 0.0050978772 0.0047072826 0.0036939364 0.0024975716 0.0021729115 0.0024291305 0.0028637621 0.0035994472 0.0045760211 0.0037158885 0.0013049137 -0.0013781131 -0.0020236008 -0.0016215675 -0.00089810914 0.00050746728 0.0026273561 0.0040863762 0.0028676767 0.00055005816 -0.00013099654 -0.0001315834 8.3915177e-05 0.00077549791 0.0023359294 0.0045080719 0.0047398423 0.0043472458 0.0043267045 0.0044808103 0.0048244894 0.0055052303 0.0049215268 0.0030431005 0.0011480978 0.00071747578 0.0013490104 0.0023699204 0.0041303415 0.0068984583 0.0060609274 0.0017912435 -0.0036623423 -0.0053614214 -0.0049231384 -0.0038639784 -0.0014350565 0.0027619565 0.0057475375 0.0041279451
0.0050820076 0.0049861176 0.0050088201 0.0050310095 0.0050520697 0.0050747166 0.0051903433 0.0049373882 0.0042034385 0.0041309069 0.0042188211 0.0043083608 0.0043995475 0.0045288625 0.0050277417 0.0042103217 0.002736026 0.0026936572 0.002822869 0.0029512446 0.0030794647 0.0033674084 0.0044659802 0.0044961869 0.0034475977 0.0034025409 0.0034090071 0.0034187405 0.0034341588 0.0036448243 0.0045778961 0.0050827797 0.0048809392 0.0048509432 0.004836168 0.0048683606 0.0049815106 0.005324921 0.0052479604 0.004057139 0.0039117793 0.004132429 0.0043145181 0.0045129647 0.004812955 0.0059814348 0.0054980555 0.0024711779 0.0021927778 0.0024727427 0.0026813285 0.0028087176 0.003027922 0.00486048 0.0057494565 0.0033041956
0.0049758011 0.0049777877 0.0049798772 0.0049814535 0.0049819007 0.0049806028 0.0049769437 0.0049711651 0.0049667269 0.0049638719 0.0049626212 0.0049629961 0.004965018 0.004968708 0.0049740875 0.0049792973 0.0049817863 0.004982078 0.0049808531 0.0049787921 0.0049765754 0.0049748838 0.0049741462 0.0049717768 0.0049652294 0.0049571132 0.004949846 0.004945846 0.0049475309 0.0049573188 0.0049753599 0.0049414217 0.0048539146 0.0047463508 0.0046522425 0.0046051019 0.0046384413 0.0047857728 0.0050516279 0.0051879514 0.0051758776 0.0050703247 0.0049262112 0.0047984553 0.0047419752 0.0048116893 0.0050257843 0.0052220834 0.0053666387 0.0054496326 0.0054612474 0.0053916655 0.0052310691 0.0049696406 0.0046990099 0.0046118932
0.004664988 0.0046757069 0.0046851357 0.0046940515 0.0047003043 0.0046571549 0.004602167 0.0046429126 0.0046659254 0.0046705706 0.0046764327 0.0046839205 0.0046886852 0.0046367859 0.0046103956 0.0046630256 0.0046848364 0.0046885974 0.0046908385 0.0046922436 0.0046846436 0.004611653 0.0046035384 0.0046537057 0.0046611497 0.0046547961 0.0046492916 0.0046470542 0.0046345264 0.0045620238 0.0045901768 0.004615997 0.004496453 0.0043403931 0.0041977888 0.0041021521 0.0040577479 0.0040646603 0.0043356722 0.0045222199 0.0044060278 0.0041801452 0.0039157019 0.003667193 0.0034142541 0.0032518303 0.0035987113 0.0039248958 0.0040766204 0.0041598052 0.0041716109 0.0040959964 0.0037427232 0.0032943638 0.0032989081 0.0034254022
0.004614465 0.0046575338 0.004685461 0.0046796807 0.0045860902 0.004479299 0.0044951469 0.0045583746 0.0046250961 0.0046605343 0.0046819266 0.0046654252 0.0045582049 0.0044767416 0.0045062753 0.004583037 0.0046483166 0.0046777114 0.0046890407 0.0046537235 0.0045258057 0.0044601134 0.0044964571 0.0045799694 0.0046348713 0.0046516621 0.0046501727 0.0045971168 0.00445922 0.0044180353 0.0044743368 0.0045682082 0.0045155049 0.0043578307 0.004179359 0.0039817868 0.0037874299 0.0038429458 0.0040782614 0.0043770033 0.0043373724 0.0040667999 0.0036971205 0.0032105842 0.0027289444 0.0027610516 0.0031108013 0.0036210494 0.0039067086 0.0040315349 0.003973449 0.0035288286 0.0028920929 0.0027634489 0.0029106566 0.0032539987
0.0047053876 0.0047615338 0.0047753305 0.0046721014 0.0045580711 0.0045450242 0.0045774913 0.004636027 0.0047175157 0.0047664534 0.0047658394 0.004647783 0.0045520714 0.004548924 0.0045851876 0.0046529579 0.004736838 0.0047776416 0.0047565984 0.0046198698 0.0045344254 0.0045369312 0.0045754393 0.0046517747 0.0047317856 0.0047596468 0.0047156781 0.0045638066 0.0044907392 0.0045034886 0.0045529413 0.0046510328 0.0046606491 0.0045147357 0.0042837657 0.0040084797 0.0039394479 0.0040211659 0.0041831641 0.0044648226 0.0045061572 0.0042210695 0.0037165155 0.0031312415 0.0029717226 0.003083007 0.0033477024 0.0038394901 0.0041874801 0.0042820961 0.0039255017 0.0032799554 0.003057577 0.0030786488 0.0032431724 0.003624996
0.0048535123 0.0048984241 0.0048281214 0.0047497672 0.0047426382 0.0047546854 0.0047681517 0.0047991577 0.0048620818 0.0048978017 0.0048137837 0.0047465454 0.0047439987 0.0047559311 0.0047702356 0.0048060115 0.0048733837 0.0048965006 0.0047970843 0.0047366653 0.0047368435 0.0047480418 0.004763022 0.0048040357 0.00487362 0.0048801995 0.0047657808 0.0047116296 0.0047158402 0.004728461 0.0047472261 0.0047995096 0.0048432829 0.0047026519 0.0044667905 0.0043934104 0.004421577 0.0044609709 0.0045196704 0.0046647712 0.0047607348 0.0044575136 0.0039841865 0.0038458727 0.0038840528 0.0039363541 0.0040364632 0.004312497 0.0046280168 0.0045332608 0.0040587911 0.0039121892 0.0039180358 0.0039324109 0.0040022006 0.0042443822
0.0049748709 0.0049672735 0.0049586879 0.0049600545 0.004961421 0.0049627875 0.0049641541 0.0049655206 0.004977692 0.0049641101 0.0049587968 0.0049601483 0.0049614997 0.0049628511 0.0049642025 0.0049655539 0.0049809366 0.004960688 0.0049577095 0.0049589778 0.004960246 0.0049615143 0.0049627825 0.0049640508 0.0049823858 0.00495514 0.0049541146 0.004955544 0.0049569733 0.0049584027 0.0049598321 0.0049612614 0.00497725 0.0049013432 0.0049037856 0.0049082472 0.0049127087 0.0049171703 0.0049216318 0.0049264651 0.0049590439 0.0048132445 0.0048183212 0.0048242437 0.0048301663 0.0048360889 0.0048420114 0.0048509244 0.0049526243 0.0048290954 0.0048306782 0.004832261 0.0048338438 0.0048354267 0.0048370095 0.0048450568
