dourado_reproduction/final_result_dourado/pga_475y.tif
NCOLS 300
NROWS 300
XLLCORNER -75
YLLCORNER -35
DX 0.14333
DY 0.13667
NODATA_VALUE -9999
[rows 162 to 188 of 300, columns 120 to 179 of 300]
4.8326781 5.7088286 6.6486736 7.5843597 8.4131895 8.9801283 9.2354892 9.7407744 10.649888 11.653405 12.543935 13.191202 13.472179 13.491109 13.500183 13.494106 13.479007 13.460077 13.440564 13.423738 13.415157 13.40442 13.370181 13.326729 13.283366 13.244115 13.212318 13.189672 13.174288 13.133359 13.087318 13.0487 13.022131 13.012844 13.010038 13.048666 13.159725 13.294707 13.422093 13.521302 13.573064 13.584401 13.58701 13.58948 13.588242 13.583032 13.575189 13.564025 13.140765 12.766043 12.679784 12.651891 12.621729 12.591455 12.517774 12.290632 11.477545 10.078754 8.5136253 7.0655799
5.4574744 6.5526537 7.5494051 8.489555 9.2990418 9.8257511 10.036665 10.201215 10.74648 11.62236 12.534294 13.215821 13.510804 13.530614 13.540811 13.54393 13.533275 13.514876 13.495676 13.47983 13.472511 13.471721 13.463539 13.430953 13.387759 13.34789 13.316964 13.295864 13.283616 13.276215 13.239308 13.192849 13.158036 13.14382 13.137022 13.1362 13.185314 13.297227 13.424944 13.525689 13.575352 13.582383 13.573525 13.562508 13.554691 13.546744 13.535939 13.520804 13.066691 12.214015 11.697853 11.558658 11.579561 11.582285 11.488351 11.243381 10.733335 9.660996 8.161116 6.6461051
5.7542837 7.368827 8.5292883 9.4898666 10.274894 10.761373 10.939358 10.996359 11.192572 11.728685 12.521778 13.234 13.542988 13.563724 13.574213 13.578123 13.57644 13.562388 13.543595 13.528729 13.522352 13.523733 13.525499 13.517607 13.484526 13.44416 13.414105 13.394993 13.382386 13.378685 13.374413 13.336889 13.294087 13.274943 13.266442 13.254165 13.26202 13.315473 13.421762 13.523971 13.571537 13.57482 13.559803 13.536572 13.515302 13.500524 13.486699 13.467593 13.029501 12.015385 10.989295 10.416349 10.307329 10.340526 10.226339 9.9302248 9.4984423 8.7698584 7.6003832 6.164024
5.8960417 7.7295076 9.3933999 10.461899 11.229054 11.675304 11.820359 11.875688 11.922909 12.120887 12.598688 13.246955 13.569948 13.591608 13.602821 13.606306 13.605172 13.599839 13.583987 13.570101 13.564666 13.566247 13.57031 13.57215 13.562289 13.527825 13.498641 13.481517 13.471141 13.465581 13.465871 13.45988 13.419706 13.395635 13.38543 13.373095 13.364944 13.376241 13.427865 13.518236 13.563705 13.56324 13.544606 13.513874 13.479788 13.451636 13.432325 13.409248 12.987176 12.000192 10.729322 9.6222426 9.0770945 9.0347397 8.9003002 8.5530413 8.0742051 7.4960226 6.7060886 5.6017969
6.0319966 7.7928878 9.6780925 11.230235 12.049801 12.455851 12.567976 12.629164 12.686257 12.746538 12.897487 13.267783 13.592899 13.615483 13.627441 13.631264 13.629061 13.624084 13.616249 13.60361 13.599116 13.600699 13.604382 13.607656 13.607331 13.593248 13.565471 13.550335 13.542439 13.538785 13.536658 13.536167 13.523615 13.495316 13.483409 13.472305 13.463919 13.458876 13.467609 13.511209 13.553942 13.54973 13.52778 13.493082 13.450966 13.409421 13.377754 13.350622 12.944572 12.009818 10.748013 9.3708985 8.2684927 7.835652 7.6787945 7.2803912 6.7372723 6.139367 5.5390649 4.8479117
6.1546596 7.8399093 9.6569523 11.335723 12.578372 12.991324 13.070893 13.142427 13.218666 13.293938 13.362573 13.433698 13.613056 13.636547 13.648755 13.652641 13.650447 13.644418 13.636985 13.628921 13.625335 13.626356 13.629155 13.631598 13.631551 13.626701 13.609493 13.596325 13.590373 13.588591 13.588149 13.586214 13.580565 13.563409 13.549802 13.539145 13.531432 13.526318 13.523461 13.52487 13.544336 13.536348 13.510556 13.471955 13.425719 13.377025 13.331717 13.296571 12.905149 11.993937 10.754259 9.3831703 8.0777285 7.0836819 6.7303834 6.2837441 5.7127404 5.0922726 4.4831371 3.9461303
6.2636431 7.9230303 9.7142108 11.367119 12.611688 13.177901 13.242549 13.314712 13.391578 13.467479 13.536743 13.5937 13.632699 13.655228 13.666991 13.670431 13.667792 13.661317 13.65325 13.645818 13.641545 13.641612 13.643459 13.64495 13.64395 13.638326 13.625884 13.612683 13.607772 13.607032 13.607631 13.606737 13.601519 13.58889 13.568248 13.555908 13.546509 13.539711 13.53517 13.532543 13.529993 13.501336 13.471877 13.429609 13.379707 13.327345 13.2777 13.234811 12.831613 11.891793 10.623507 9.223811 7.8897615 6.8184151 6.2092433 5.7782093 5.2300676 4.6324617 4.0461881 3.5320433
6.1933159 7.8606635 9.6845454 11.370155 12.647435 13.236908 13.289202 13.347305 13.419716 13.491813 13.557272 13.61043 13.64622 13.670199 13.684123 13.686625 13.682859 13.675257 13.666057 13.657098 13.646988 13.639743 13.640833 13.641923 13.640523 13.63448 13.619623 13.592391 13.569182 13.569971 13.573052 13.574639 13.571816 13.554785 13.460394 13.379375 13.369918 13.36589 13.364118 13.363789 13.335053 13.071576 12.823776 12.801247 12.779797 12.755888 12.734231 12.686838 12.489723 11.603778 10.288612 8.839055 7.4551444 6.3355157 5.7392622 5.5009871 5.0474836 4.4757675 3.9135568 3.4234749
6.6356708 7.7815169 9.5363318 11.313071 12.675421 13.298668 13.347828 13.386345 13.439358 13.505194 13.568881 13.620415 13.653816 13.67527 13.693395 13.699684 13.695458 13.685994 13.674806 13.663955 13.651927 13.636061 13.624527 13.622875 13.621862 13.615238 13.597274 13.566074 13.522147 13.488028 13.486676 13.493108 13.491765 13.468093 13.353956 13.151121 13.013857 12.988816 12.997034 12.992513 12.928454 12.608367 12.031351 11.616156 11.566037 11.616534 11.648333 11.59394 11.448224 10.933076 9.7655784 8.302084 6.8613637 5.715715 5.1504889 5.0101123 4.8136262 4.3779877 3.8480346 3.3626803
7.7102353 8.3445809 9.5686845 11.248212 12.70344 13.360461 13.408082 13.438799 13.471462 13.518353 13.575585 13.625977 13.656988 13.675086 13.692621 13.703183 13.702442 13.692441 13.67906 13.666318 13.65252 13.634128 13.612525 13.596563 13.591289 13.58384 13.562767 13.526844 13.479572 13.420059 13.378193 13.375437 13.374767 13.344456 13.219686 12.973001 12.692352 12.517221 12.486313 12.474067 12.374686 12.014951 11.370255 10.612313 10.139924 10.137657 10.224473 10.16308 9.9672764 9.6677187 8.9005273 7.628977 6.2075785 5.0437479 4.5095492 4.4052443 4.3763534 4.1808415 3.7826542 3.3256702
9.0239975 9.4476435 10.1377 11.307868 12.728773 13.419568 13.46565 13.494661 13.51664 13.542744 13.582468 13.628616 13.657237 13.67198 13.686099 13.697125 13.700619 13.693458 13.678747 13.664113 13.648546 13.628189 13.603418 13.575854 13.555328 13.544216 13.520034 13.479388 13.426909 13.363434 13.291115 13.244681 13.236463 13.199513 13.064109 12.800328 12.455332 12.114886 11.920278 11.872941 11.738238 11.338855 10.661908 9.8496321 9.0170191 8.5977546 8.6696109 8.6012187 8.3553281 8.0369055 7.5714806 6.7290758 5.5307992 4.3862401 3.8830688 3.8147415 3.8279706 3.8115651 3.6365968 3.2953121
10.280042 10.697009 11.15305 11.768256 12.752117 13.473271 13.517814 13.546094 13.56535 13.579728 13.598379 13.629877 13.656065 13.667452 13.677658 13.685604 13.68978 13.686759 13.67379 13.657269 13.639933 13.617711 13.590582 13.559276 13.525518 13.500299 13.473008 13.427637 13.369545 13.300205 13.22263 13.140313 13.092493 13.048903 12.902867 12.627691 12.252955 11.831814 11.449645 11.253626 11.083601 10.64457 9.9442502 9.1122131 8.2489963 7.4492174 7.1907098 7.1153179 6.8193404 6.4232814 5.9904254 5.4963378 4.755868 3.8098174 3.3376734 3.3053237 3.3267139 3.3562624 3.3495903 3.2147617
11.282526 11.732542 12.180966 12.57968 12.989474 13.518849 13.561854 13.589058 13.607224 13.6188 13.626251 13.636555 13.654973 13.663004 13.669376 13.67338 13.674357 13.67164 13.662658 13.645714 13.626608 13.602311 13.572889 13.538966 13.501172 13.461008 13.425618 13.375524 13.311336 13.235236 13.150934 13.062148 12.972769 12.908266 12.751598 12.458515 12.06078 11.603769 11.133243 10.727669 10.475264 9.9965854 9.2823425 8.4472474 7.5803893 6.7708119 6.1119454 5.9123392 5.5662747 5.1135159 4.6300334 4.1688061 3.7791184 3.317737 2.9399889 2.9436105 2.9693507 2.9944899 3.0147476 3.0242718
11.826198 12.271021 12.71425 13.10773 13.4033 13.55463 13.594542 13.619104 13.63462 13.643548 13.648342 13.651461 13.655464 13.660214 13.663202 13.663822 13.661414 13.655319 13.644877 13.629374 13.60811 13.581108 13.548978 13.512347 13.471841 13.428086 13.381798 13.325987 13.254566 13.171229 13.079691 12.983666 12.886871 12.793244 12.613949 12.284735 11.850849 11.357686 10.850642 10.37511 9.9777177 9.4793197 8.7708524 7.9415419 7.0804684 6.276712 5.6193528 5.1992441 4.8373926 4.3917554 3.9153944 3.4612887 3.0824172 2.831759 2.7566409 2.7843095 2.8156685 2.8464266 2.8723033 2.889018
11.955633 12.379147 12.801069 13.17324 13.447503 13.581381 13.619668 13.641903 13.653447 13.658402 13.659225 13.658372 13.658125 13.657084 13.656708 13.654276 13.648816 13.639669 13.626175 13.607306 13.281838 13.180713 13.164781 13.144348 13.12004 13.092483 13.046867 12.886988 12.72898 12.664347 12.591513 12.514193 12.436102 12.35331 12.185392 11.775175 11.317183 10.799915 10.268765 9.7691274 9.3702136 9.0183595 8.3273842 7.5089545 6.6587617 5.865886 5.2194075 4.8196706 4.5732523 4.1766067 3.7355809 3.3168104 2.9732741 2.757951 2.7098461 2.8090146 2.8578962 2.8991616 2.9355456 2.9627676
12.078425 12.414801 12.821873 13.189462 13.461127 13.596745 13.635387 13.664029 13.675759 13.676375 13.672254 13.666413 13.661316 13.653914 13.645214 13.638618 13.629986 13.617784 13.601068 13.578222 13.078148 12.332928 12.072094 12.083058 12.122555 12.149729 12.102356 12.066759 11.630512 11.27876 11.252793 11.259363 11.258673 11.202166 11.251994 10.817675 10.182052 9.6707341 9.1649717 8.6994574 8.3466097 8.1930313 7.7335628 6.9527248 6.1152514 5.3327845 4.7022191 4.3373441 4.1922692 3.9641641 3.5943163 3.1993078 2.8750789 2.6731494 2.626508 2.8000448 2.9704885 3.0498085 3.0960745 3.1308578
12.338956 12.52345 12.833911 13.188501 13.468467 13.60629 13.643022 13.674682 13.692266 13.693952 13.685515 13.6742 13.664237 13.652371 13.634044 13.618616 13.605155 13.58947 13.569289 13.542454 13.059681 11.900039 10.979639 10.657955 10.71198 10.801165 10.751814 10.663082 10.568018 9.889259 9.4794894 9.5234301 9.6177163 9.5875271 9.6033987 9.6628433 8.9799428 8.2623469 7.7765915 7.3739779 7.0675602 6.9333629 6.844378 6.2843046 5.5014176 4.7384417 4.1294455 3.799514 3.6872982 3.6149401 3.397096 3.0755086 2.7664875 2.566422 2.5211791 2.6928023 3.0120753 3.2182906 3.3180491 3.3670431
12.661363 12.753112 12.921425 13.193979 13.472216 13.612244 13.647063 13.677085 13.698074 13.704995 13.697017 13.68088 13.666052 13.649728 13.625851 13.598766 13.576039 13.555089 13.53119 13.500365 13.036595 11.828267 10.407553 9.4198053 9.1436278 9.2547055 9.2033771 9.0584251 8.9822399 8.7113647 7.9393273 7.6183605 7.7664926 7.7626212 7.7378009 7.858488 7.7368665 6.9613826 6.3128762 5.9578277 5.6978398 5.576397 5.567739 5.4062374 4.8346634 4.1365303 3.5530887 3.2581006 3.1754553 3.1551214 3.0928574 2.9035595 2.648875 2.4529459 2.4091014 2.5741623 2.9248839 3.3016574 3.5319773 3.6405289
12.968601 13.030494 13.111581 13.25231 13.474597 13.616831 13.649737 13.676769 13.696459 13.706179 13.70283 13.685615 13.665922 13.64514 13.616935 13.582632 13.546835 13.516232 13.487134 13.452319 13.007552 11.866652 10.318197 8.7986132 7.8512588 7.7184842 7.6651782 7.4640068 7.2902401 7.1191966 6.7727624 6.0568133 5.95823 5.9806764 5.9151642 5.9345826 5.9661774 5.7634105 5.0511825 4.6157815 4.4022236 4.2935354 4.2531045 4.2198823 4.0428122 3.5487178 3.025069 2.7650245 2.7119496 2.702532 2.701718 2.6574893 2.5150664 2.347963 2.3055171 2.4640156 2.7971744 3.2349143 3.6483221 3.8911046
13.211769 13.274822 13.33414 13.394357 13.496065 13.622277 13.653271 13.677229 13.693172 13.700839 13.699617 13.686388 13.663011 13.63777 13.605063 13.565701 13.521913 13.477007 13.437946 13.398678 12.972915 11.897232 10.417541 8.7744498 7.2711385 6.4718324 6.3453519 6.087961 5.8193657 5.5565752 5.3110861 5.0281736 4.5178137 4.4949207 4.3887167 4.3065589 4.2325542 4.1685685 4.0318223 3.5385302 3.3454864 3.2495527 3.1737703 3.0961738 3.0255403 2.9183049 2.5905464 2.3722059 2.3487015 2.3469959 2.3467589 2.3492768 2.3403036 2.2631281 2.2256682 2.3776044 2.6934291 3.118913 3.5946647 4.0316002
13.362479 13.423915 13.481615 13.534092 13.579859 13.630808 13.659711 13.68014 13.692441 13.696467 13.692068 13.679096 13.656479 13.626434 13.587576 13.541932 13.491862 13.439725 13.387882 13.339806 12.927452 11.871876 10.411551 8.787827 7.2420531 6.0155788 5.4520325 5.1466161 4.8345667 4.5296465 4.2420277 3.9818824 3.7593828 3.5585822 3.4167695 3.2807522 3.1529381 3.0351428 2.9291822 2.8368721 2.6924031 2.6072841 2.5117536 2.4134344 2.3220782 2.2474369 2.1992622 2.1315653 2.1334947 2.135932 2.1390474 2.1449178 2.1556197 2.1732299 2.1847968 2.3348283 2.6536363 3.0824722 3.5615758 4.0311869
13.412536 13.469088 13.521904 13.569498 13.610381 13.643409 13.669674 13.68667 13.695521 13.696096 13.688247 13.671825 13.646866 13.600341 13.554104 13.501269 13.444007 13.384679 13.325644 13.268445 12.862864 11.771367 10.272226 8.609687 7.0250977 5.7598082 5.0635385 4.7656891 4.4635028 4.1684402 3.890679 3.6403913 3.4277493 3.2618928 3.1217532 2.990204 2.8669109 2.7536367 2.6521972 2.5644081 2.4917425 2.4220718 2.335084 2.2452891 2.1624572 2.0963401 2.0566897 2.0522209 2.0763526 2.0872896 2.0988861 2.1132376 2.1324206 2.1585119 2.1980715 2.5050998 2.8389958 3.2828579 3.7769877 4.2616251
13.441161 13.49136 13.540099 13.58363 13.62059 13.651271 13.678072 13.694949 13.700938 13.698142 13.686919 13.667203 13.639953 13.566104 13.482384 13.417259 13.353969 13.288629 13.22321 13.154925 12.535264 11.657362 10.200506 8.4561824 6.7896604 5.4465601 4.7282607 4.4497778 4.1641916 3.8837132 3.6203891 3.3845384 3.185875 3.0299886 2.9056362 2.772875 2.657325 2.5563966 2.4673028 2.3916787 2.3290267 2.2809298 2.2165107 2.138949 2.0658262 2.0094182 1.9789739 1.980414 2.0440202 2.0928916 2.1167717 2.1377296 2.1635191 2.1963654 2.2444941 2.9459396 3.6294308 4.1205982 4.5944782 5.0588658
13.467325 13.50961 13.551382 13.591642 13.626285 13.654982 13.679849 13.700153 13.706631 13.701751 13.68738 13.664814 13.635412 13.55931 13.420216 13.312646 13.230986 13.159387 13.086757 13.006931 12.375504 11.041241 9.9157183 8.3185691 6.5598931 5.1314754 4.3941076 4.1299769 3.8661739 3.5994644 3.3490768 3.1264521 2.9393696 2.7929776 2.6773016 2.5679214 2.4462887 2.3490596 2.2729794 2.2098967 2.1571805 2.1181311 2.0834676 2.0276418 1.967133 1.9186841 1.8946058 1.9015676 1.9732593 2.0868528 2.1527923 2.1909208 2.2218784 2.2604444 2.3171427 3.0605732 4.378449 5.2575808 5.8279442 6.2450671
13.478243 13.52713 13.561793 13.596378 13.628736 13.655448 13.678218 13.697978 13.708662 13.704693 13.68887 13.663615 13.632062 13.555613 13.399486 13.226964 13.101421 13.008946 12.928207 12.836841 12.221666 10.733619 9.1454603 7.9187635 6.3305007 4.8283575 4.0719211 3.8214924 3.5733447 3.3257527 3.0859826 2.873715 2.6978807 2.560983 2.452433 2.3568386 2.2572504 2.1526541 2.0794896 2.0286518 1.9858716 1.9539732 1.9337793 1.9067613 1.8647403 1.8265379 1.8086703 1.8211539 1.8953889 2.0348137 2.1697235 2.2487857 2.2973007 2.3417679 2.4070358 3.1221821 4.6610969 6.1831359 7.1101275 7.6123027
13.479228 13.530666 13.571901 13.600309 13.628848 13.653577 13.674248 13.691519 13.702958 13.703576 13.68911 13.662426 13.628721 13.551924 13.39749 13.193431 12.996674 12.859005 12.759939 12.657033 12.05811 10.634247 8.7894653 7.1288777 5.9473285 4.5480483 3.7725434 3.5358167 3.2994677 3.0668497 2.8429897 2.6382216 2.4715313 2.344128 2.242704 2.152261 2.0690569 1.9842876 1.9026308 1.8576118 1.8247675 1.8000201 1.7850634 1.7750236 1.7600747 1.7370815 1.7266395 1.7446448 1.8214232 1.9615916 2.134648 2.2853363 2.3736028 2.4313547 2.5051922 3.1920542 4.6739032 6.515004 8.080411 8.9076487
13.476053 13.525275 13.569289 13.604247 13.627757 13.650274 13.668847 13.683527 13.692614 13.69437 13.684869 13.659856 13.624206 13.547062 13.395387 13.189471 12.954442 12.739672 12.59569 12.479884 11.897213 10.554293 8.7768239 6.8544227 5.2724495 4.282244 3.5068168 3.2837919 3.0587977 2.8361073 2.6244554 2.4323607 2.2706566 2.1525357 2.0582378 1.9720456 1.8932361 1.823835 1.7596974 1.7068786 1.6835356 1.6659392 1.6551457 1.6495734 1.6504786 1.6526716 1.6539405 1.6775125 1.7568343 1.8948776 2.0713951 2.2642414 2.4263949 2.5199746 2.6026303 3.2612081 4.6490589 6.4403738 8.3324506 9.7906853
