dourado_reproduction/final_result_dourado/pga_475y.tif
NCOLS 300
NROWS 300
XLLCORNER -75
YLLCORNER -35
DX 0.14333
DY 0.13667
NODATA_VALUE -9999
[rows 135 to 161 of 300, columns 240 to 299 of 300]
9.1792471 10.582226 11.795841 12.74516 13.223453 13.376223 13.402028 13.629462 14.210591 14.964924 15.513519 15.640775 15.641604 15.629492 15.620249 15.617976 15.609172 15.596427 15.541762 15.011327 14.054715 13.126156 12.588605 12.423475 12.294931 11.944798 11.236602 10.286036 9.142538 7.6002564 5.5576101 3.979508 3.4771162 3.246538 3.0315341 2.7903536 2.4983513 2.1754731 1.8971783 1.7003235 1.5547387 1.4086504 1.3173494 1.1225972 0.87647761 0.79675681 0.59733629 0.34184103 0.21023107 0.26464776 0.32497711 2.3208029 -9999 -9999 -9999 -9999 -9999 -9999 -9999 -9999
9.6809541 11.661299 12.884189 13.777566 14.184963 14.302011 14.31205 14.332877 14.522965 14.996497 15.518525 15.647758 15.648961 15.637621 15.620242 15.606287 15.597676 15.582323 15.526661 15.014646 14.06079 12.881362 11.846627 11.290803 11.083981 10.660848 9.8826602 8.8892724 7.8165693 6.6719232 5.2422795 3.6806906 3.1835694 2.9678487 2.7671887 2.5661894 2.3440413 2.0798182 1.810329 1.6200393 1.4684334 1.3507156 1.2363464 0.98698913 0.80312965 0.73219199 0.50141028 0.26185447 0.15022409 0.24989798 0.62919357 3.033426 -9999 -9999 -9999 -9999 -9999 -9999 -9999 -9999
9.6987527 11.975132 13.720067 14.565495 14.901995 14.983321 15.01525 15.042044 15.063694 15.17913 15.506608 15.637818 15.639395 15.630412 15.614208 15.593051 15.574155 15.558933 15.502274 15.00868 14.086478 12.883477 11.57199 10.483621 9.9566926 9.4605587 8.6123801 7.5792599 6.5073185 5.4891374 4.5310006 3.4162239 2.9243733 2.7235102 2.5308927 2.341899 2.1557543 1.9574162 1.7271299 1.5434052 1.3922652 1.3031507 1.1495074 0.85188754 0.73927719 0.65931154 0.42242416 0.2162953 0.10798666 0.22504472 0.94233126 -9999 -9999 -9999 -9999 -9999 -9999 -9999 -9999 -9999
9.7035199 11.870207 13.741261 14.974137 15.245751 15.307638 15.366183 15.420008 15.46627 15.502125 15.534192 15.607163 15.609431 15.602343 15.588041 15.568639 15.546254 15.523539 15.466774 14.969906 14.025954 12.801066 11.462016 10.175579 9.1285341 8.4822509 7.6015011 6.5850672 5.5299708 4.5323497 3.6883421 3.0814818 2.7154405 2.5273597 2.3430605 2.1623799 1.9851962 1.8113877 1.6387491 1.4655094 1.3287765 1.2491601 1.0682749 0.77145523 0.68543353 0.54742659 0.32374249 0.14154063 0.083871429 0.17977463 0.9660219 0.87310259 -9999 -9999 -9999 -9999 -9999 -9999 -9999 -9999
9.7211894 11.831557 13.646292 14.842344 15.167064 15.239197 15.312366 15.380814 15.4417 15.492178 15.529405 15.54653 15.545121 15.53944 15.526545 15.50855 15.487571 15.465724 15.355699 14.799074 13.786505 12.493 11.085334 9.7302809 8.5946139 7.8530359 7.0489904 6.085041 5.082429 4.1372924 3.3457693 2.8039978 2.5628818 2.3855304 2.2112441 2.0405765 1.8734057 1.7096102 1.5490683 1.3927008 1.2763574 1.1789619 1.0000646 0.7022238 0.63560825 0.42821381 0.20553552 0.060523323 0.078197326 0.12916746 1.5277826 -9999 -9999 -9999 -9999 -9999 -9999 -9999 -9999 -9999
9.4279959 11.566648 13.409667 14.638961 14.986292 15.073063 15.141772 15.222439 15.297092 15.361337 15.410108 15.429369 15.413257 15.384024 15.373363 15.359822 15.343298 15.324224 15.198641 14.289208 13.285235 11.926944 10.448959 9.0235875 7.8447076 7.1553286 6.6110831 5.8122694 4.8493758 3.9346245 3.1734866 2.6535629 2.4194131 2.2627829 2.1014578 1.9403659 1.7825371 1.6280835 1.4763505 1.3288549 1.2328206 1.1040123 0.90378694 0.64197081 0.58213585 0.3545338 0.10780652 -0.0015060994 0.079727137 0.37550748 2.6696733 -9999 -9999 -9999 -9999 -9999 -9999 -9999 -9999 -9999
9.0758737 11.13267 13.086029 14.399728 14.771038 14.875784 14.957065 15.021635 15.103369 15.181789 15.238701 15.259705 15.247708 15.198622 15.150006 15.133212 15.123972 15.10651 14.980568 13.81936 12.446162 11.174221 9.6683832 8.1870804 7.0091129 6.3687 5.9360576 5.4139014 4.6616445 3.794443 3.0311658 2.5077256 2.2794345 2.1366046 1.9964232 1.849179 1.7008638 1.5545743 1.4105202 1.2718799 1.1867473 1.0302193 0.76652678 0.59147703 0.51271076 0.29682461 0.062320957 -0.043618469 0.072175866 0.75978413 3.2461309 -9999 -9999 -9999 -9999 -9999 -9999 -9999 -9999 -9999
9.3945073 10.840313 12.734756 14.134109 14.529398 14.639776 14.748482 14.818848 14.879795 14.961828 15.026749 15.049496 15.03675 14.995305 14.921741 14.86438 14.850035 14.834124 14.707824 13.587902 11.731075 10.163491 8.7973922 7.32712 6.1511549 5.5597081 5.1726274 4.7988743 4.3072061 3.628562 2.8950034 2.367661 2.1452286 2.0090385 1.8867669 1.7590803 1.6235007 1.4858514 1.3494613 1.2196763 1.1243352 0.96310262 0.64379993 0.55148566 0.40115619 0.22341794 0.038807868 -0.06546115 0.045230161 0.90354462 -9999 -9999 -9999 -9999 -9999 -9999 -9999 -9999 -9999 -9999
10.181958 11.078118 12.419601 13.849906 14.269174 14.384782 14.500718 14.598663 14.658265 14.716047 14.786027 14.810519 14.796813 14.755346 14.689449 14.60187 14.546262 14.528708 14.402049 13.339185 11.455101 9.360437 7.776907 6.4922307 5.3326579 4.7901772 4.4442075 4.1239364 3.7721781 3.3368874 2.7589912 2.2350029 2.0184292 1.8883056 1.7738605 1.6636175 1.5460172 1.4196857 1.2910742 1.1701444 1.0578435 0.90677958 0.57691108 0.51540735 0.30167764 0.12936815 -0.019102059 -0.06668151 -0.0080992732 1.0228735 0.85742307 -9999 -9999 -9999 -9999 -9999 -9999 -9999 -9999 -9999
10.949723 11.707615 12.470324 13.55492 13.998168 14.119006 14.235916 14.340631 14.426104 14.475249 14.528312 14.554547 14.539883 14.495915 14.429872 14.349243 14.258175 14.211902 14.084885 13.079079 11.31934 9.1687124 7.0453168 5.623835 4.6154466 4.1219319 3.8170733 3.5163331 3.2108728 2.901881 2.5489144 2.1113853 1.9006702 1.7766132 1.6662642 1.5635216 1.4624188 1.3524967 1.2332593 1.1211849 0.99431528 0.84047743 0.52890426 0.47343527 0.25469483 0.032836407 -0.084214323 -0.049559178 0.17714556 1.8833943 -9999 -9999 -9999 -9999 -9999 -9999 -9999 -9999 -9999 -9999
11.507749 12.208593 12.827822 13.335483 13.724181 13.849864 13.96747 14.072617 14.161576 14.230617 14.269601 14.293357 14.277592 14.231071 14.162394 14.080367 13.993797 13.909772 13.777974 12.828252 11.161815 9.1056477 6.984591 5.123485 4.0417568 3.6167969 3.3494378 3.0625132 2.7697032 2.4878748 2.2338951 1.9892564 1.7935856 1.6753273 1.5688794 1.4699598 1.3745008 1.2784332 1.1737815 1.0636123 0.93520731 0.74572651 0.49092037 0.40287008 0.22238476 -0.031884982 -0.12885131 -0.037049119 0.57240211 2.988384 -9999 -9999 -9999 -9999 -9999 -9999 -9999 -9999 -9999 -9999
11.676809 12.312894 12.867363 13.266526 13.44318 13.572016 13.692124 13.799774 13.891235 13.962779 14.010674 14.01885 14.002232 13.954653 13.884918 13.801833 13.714204 13.630839 13.507777 12.584932 10.947516 8.9203706 6.8283354 4.996251 3.7489577 3.3282501 3.0800938 2.8091851 2.532391 2.2665785 2.0286146 1.8353663 1.6981715 1.5846487 1.482722 1.3883236 1.2973858 1.2058408 1.1096207 1.0042435 0.88047582 0.63040321 0.46374017 0.2983356 0.17390405 -0.040855952 -0.15107111 -0.042911092 0.82720121 3.4348655 -9999 -9999 -9999 -9999 -9999 -9999 -9999 -9999 -9999 -9999
11.595162 12.177614 12.678451 13.026749 13.156336 12.931304 12.959691 13.092825 13.209771 13.306798 13.372583 13.322104 13.058431 12.894475 12.870231 12.832637 12.7905 12.750341 12.706988 12.396564 10.864374 8.7992959 6.6693282 4.7993111 3.5161308 3.1021182 2.9065551 2.6568592 2.3937178 2.141558 1.9172468 1.7367416 1.6073182 1.4983974 1.4002023 1.3112443 1.2257469 1.1396422 1.0489096 0.94900062 0.83265759 0.52509319 0.4417347 0.22487738 0.11112109 -0.042387087 -0.15052109 -0.077458451 0.84116565 2.837969 -9999 -9999 -9999 -9999 -9999 -9999 -9999 -9999 -9999 -9999
11.448968 11.989498 12.467372 12.801597 12.915191 12.53225 12.029932 11.906962 12.043827 12.198516 12.261163 12.122354 11.996735 11.379049 11.034731 11.060516 11.134022 11.169744 11.123208 11.248645 10.549424 8.7760998 6.586881 4.6123773 3.261571 2.8471837 2.6962518 2.5071237 2.2727833 2.0310933 1.8146924 1.6397506 1.5158254 1.420217 1.323182 1.2357274 1.1561809 1.0765594 0.99210571 0.89773654 0.78630045 0.46990512 0.4113326 0.20904298 0.03371437 -0.083099604 -0.12684861 0.045519182 1.2561585 -9999 -9999 -9999 -9999 -9999 -9999 -9999 -9999 -9999 -9999 -9999
11.449139 11.831677 12.282162 12.606856 12.704459 12.30947 11.56272 10.874156 10.674751 10.823722 10.877932 10.650794 10.42683 10.122307 9.2903899 8.9290037 9.0667664 9.1796476 9.1299274 9.2441689 9.2415995 8.293959 6.4585377 4.421562 3.0018349 2.5870729 2.4498689 2.3181378 2.1387223 1.9251701 1.7159211 1.5458667 1.4274398 1.337431 1.2564059 1.1692307 1.0906339 1.0172549 0.93913343 0.85030409 0.72751976 0.44358233 0.33714689 0.20676384 -0.033677726 -0.13081491 -0.091955306 0.42049916 2.2887784 -9999 -9999 -9999 -9999 -9999 -9999 -9999 -9999 -9999 -9999 -9999
11.663866 11.815048 12.138971 12.451072 12.532681 12.142342 11.343138 10.399947 9.5990674 9.3989493 9.4352383 9.1197707 8.7597844 8.4672961 7.9814178 7.10201 6.8886968 7.0704491 7.0175456 7.0517033 7.1919788 6.9794593 5.9582729 4.2373163 2.7540555 2.3389189 2.2099592 2.0999471 1.9746897 1.8101827 1.6226584 1.4576124 1.3446838 1.2584942 1.1851152 1.1121617 1.0332215 0.96165866 0.88984563 0.80655614 0.65812812 0.42832694 0.24746608 0.18393013 -0.058463852 -0.1560615 -0.073974206 0.74997783 3.2726611 -9999 -9999 -9999 -9999 -9999 -9999 -9999 -9999 -9999 -9999 -9999
11.956244 11.988037 12.101441 12.342786 12.408402 12.022712 11.251524 10.241518 9.1787054 8.3397567 8.1454277 7.7416307 7.2456224 6.7946582 6.3966235 5.8833715 5.1234662 5.1325473 5.0764603 5.0305344 5.0412473 5.0481703 4.7901881 3.8704693 2.5353658 2.1198545 1.9991392 1.892126 1.7888829 1.6747333 1.5303364 1.3775101 1.2700797 1.1877094 1.1165181 1.0507634 0.98417729 0.91183237 0.84409517 0.76635392 0.58008942 0.42017087 0.20791616 0.15243755 -0.031004282 -0.15639077 -0.083656089 0.8625284 -9999 -9999 -9999 -9999 -9999 -9999 -9999 -9999 -9999 -9999 -9999 -9999
12.213828 12.219058 12.227579 12.294172 12.340165 11.959356 11.219914 10.241824 9.1372306 8.0337715 7.2313156 6.7287212 6.097882 5.5063782 4.9808974 4.5351103 4.1374721 3.6643152 3.59707 3.4715627 3.3564433 3.2502312 3.1537522 3.0017493 2.358652 1.9470128 1.8343445 1.7278409 1.6250485 1.5259739 1.4270943 1.3080151 1.2061501 1.1275069 1.0574932 0.99285003 0.93118002 0.86914538 0.80174136 0.73058817 0.49939348 0.39620291 0.22472788 0.10844352 -0.010603589 -0.13145008 -0.0079602837 0.92943321 2.8893226 -9999 -9999 -9999 -9999 -9999 -9999 -9999 -9999 -9999 -9999 -9999
12.357165 12.362284 12.36555 12.364543 12.336799 11.965529 11.243467 10.282757 9.1955437 8.0939709 7.090183 6.2947352 5.5819038 4.9214245 4.3269682 3.8122056 3.3908077 3.0764452 2.8702437 2.6971345 2.5321069 2.3759865 2.2295992 2.0937708 1.9693271 1.8372546 1.7287163 1.6238828 1.5227606 1.4253562 1.3316762 1.2417268 1.1552874 1.0786432 1.0097667 0.94626073 0.88572795 0.82577109 0.76399288 0.69357933 0.4554393 0.32355458 0.25693088 0.056665435 -0.033766031 -0.081867769 0.34246473 1.6058728 -9999 -9999 -9999 -9999 -9999 -9999 -9999 -9999 -9999 -9999 -9999 -9999
12.408078 12.411906 12.413882 12.41158 12.379051 12.097472 11.377801 10.41142 9.3185352 8.2112911 7.2018241 6.3721733 5.5978099 4.9145376 4.2975876 3.7603313 3.3164396 2.9798693 2.7746101 2.6041574 2.4405113 2.2859272 2.1410761 2.006784 1.8838831 1.7742518 1.6698822 1.5680726 1.4700135 1.3756722 1.2850552 1.1981445 1.114189 1.035012 0.96775301 0.90601035 0.8472409 0.78904736 0.72903487 0.65533799 0.45125863 0.27350544 0.26222548 0.024043039 -0.063535371 -0.037284253 0.7061449 2.666594 -9999 -9999 -9999 -9999 -9999 -9999 -9999 -9999 -9999 -9999 -9999 -9999
12.446673 12.449955 12.451445 12.448204 12.414434 12.079501 11.595608 10.684223 9.5555321 8.4109123 7.3704982 6.5371856 5.6069723 4.8692157 4.2333831 3.6799986 3.2200865 2.8769227 2.676968 2.5284541 2.3637505 2.2103154 2.0688529 1.9379756 1.8184638 1.7115914 1.6201857 1.5205176 1.4248765 1.3336679 1.2461832 1.1618049 1.0794692 1.0005511 0.92530829 0.86362433 0.80783505 0.75263928 0.6953548 0.61833569 0.45629645 0.27067476 0.26165554 0.044821943 -0.067393601 -0.019341318 0.89142657 3.5182311 -9999 -9999 -9999 -9999 -9999 -9999 -9999 -9999 -9999 -9999 -9999 -9999
12.482615 12.480855 12.481945 12.477736 12.442727 12.089135 11.515153 10.871744 9.8398424 8.6473835 7.5717411 6.7347667 5.7785094 4.8225462 4.1478632 3.5826425 3.1139298 2.7694773 2.5748273 2.4363696 2.2982005 2.1422223 2.0009792 1.8739661 1.7580265 1.653913 1.5675877 1.4837277 1.3889821 1.2994265 1.2148357 1.1327791 1.0520634 0.97491425 0.89949015 0.82858053 0.77143757 0.71980246 0.66538528 0.58504395 0.4332183 0.3113198 0.25435014 0.10854794 -0.043834382 0.028118537 0.90257722 -9999 -9999 -9999 -9999 -9999 -9999 -9999 -9999 -9999 -9999 -9999 -9999 -9999
12.522724 12.510983 12.507121 12.501939 12.465689 12.125074 11.485528 10.766483 10.004407 8.8946881 7.7838422 6.9432061 6.0093734 4.9585708 4.0692366 3.4824167 3.0126586 2.6669175 2.4775721 2.3429412 2.2212719 2.0891637 1.9449561 1.8187471 1.7063795 1.605025 1.5196805 1.4451951 1.3650862 1.2754981 1.1921957 1.1124609 1.033365 0.95721759 0.88385494 0.81165307 0.74546857 0.69314773 0.64159786 0.5579343 0.39875606 0.38003548 0.23644655 0.15084434 0.0074949223 0.35076983 1.1991041 2.9143484 -9999 -9999 -9999 -9999 -9999 -9999 -9999 -9999 -9999 -9999 -9999 -9999
12.551136 12.545319 12.530927 12.52257 12.485081 12.157442 11.535832 10.733704 9.9119811 9.0721223 7.985091 7.1407931 6.2293849 5.2037213 4.191689 3.3958297 2.9215405 2.5786277 2.394587 2.2637827 2.1448061 2.0297164 1.9067431 1.7773349 1.6673314 1.5687358 1.4843673 1.4105877 1.3406741 1.2644834 1.1802878 1.1022437 1.0247676 0.94961813 0.87694317 0.8062451 0.73768686 0.6766123 0.62646405 0.54045401 0.40028407 0.41751937 0.21627126 0.14558463 0.077833693 0.72963687 2.0120124 -9999 -9999 -9999 -9999 -9999 -9999 -9999 -9999 -9999 -9999 -9999 -9999 -9999
12.569399 12.568286 12.558917 12.541391 12.502662 12.187999 11.596533 10.811945 9.9124155 9.0301398 8.1537768 7.3058172 6.4168335 5.4339102 4.4427597 3.5267471 2.8511118 2.5139923 2.3352562 2.2082786 2.089226 1.9755531 1.8671024 1.7563382 1.6446905 1.5488539 1.4654614 1.3907143 1.321178 1.254247 1.1821416 1.1035211 1.0276648 0.95351326 0.8810806 0.81054263 0.74273169 0.6782385 0.62245539 0.55540215 0.43405958 0.44745488 0.22410399 0.13384268 0.12616079 0.95767011 2.9952391 -9999 -9999 -9999 -9999 -9999 -9999 -9999 -9999 -9999 -9999 -9999 -9999 -9999
12.586169 12.584384 12.577372 12.562459 12.520192 12.21769 11.64439 10.877982 9.9961018 9.0763883 8.1994505 7.4165676 6.5455412 5.5840124 4.6142517 3.7185565 2.9792241 2.4838692 2.3089641 2.1846858 2.0658407 1.9523725 1.8442471 1.7414303 1.6433485 1.5491877 1.466496 1.391518 1.3217505 1.2546945 1.1878512 1.1182829 1.0434502 0.96976797 0.8971457 0.82641811 0.75842202 0.69399421 0.63395495 0.56372009 0.49633987 0.47452757 0.29464438 0.15289544 0.16516702 1.0335599 3.7208204 -9999 -9999 -9999 -9999 -9999 -9999 -9999 -9999 -9999 -9999 -9999 -9999 -9999
12.602592 12.601048 12.594278 12.579743 12.499093 12.172542 11.60646 10.847268 9.9726056 9.0601092 8.1874165 7.4477024 6.604346 5.6398069 4.6670359 3.7683305 3.0259878 2.5223054 2.3202702 2.1987803 2.0811247 1.968846 1.8619101 1.7602829 1.6639303 1.5727981 1.4911281 1.4168664 1.3478152 1.2814755 1.2153485 1.1469353 1.0736085 1.000729 0.92756821 0.85630217 0.78776761 0.72280134 0.66224017 0.59569291 0.58338218 0.49575342 0.39363231 0.20234111 0.45682585 1.0695162 3.8145122 -9999 -9999 -9999 -9999 -9999 -9999 -9999 -9999 -9999 -9999 -9999 -9999 -9999
